633219
650566
286758
298941
728706
359787
521356
301087
456416
230397
977482
753522
63668
987369
931743
204106
673021
433966
855282
956649
553381
824596
735814
359518
74908
30776
694199
108331
599003
331000
65012
609321
801646
621508
263793
711817
734008
466751
839512
852129
523790
930149
111076
872868
971804
750191
842601
306196
746170
477435
383613
333633
942881
868025
974881
989960
977788
467766
670401
118800
112350
611729
969736
35881
960073
505511
210481
600850
998515
946736
424559
807479
796960
34210
467102
520638
903722
874367
691201
895314
895924
50622
761778
425200
416354
130675
551719
256655
872469
891365
262503
107154
85215
53569
302627
278513
509126
412310
53396
32184