251352
55816
167526
914440
726828
737436
13493
159788
557306
386744
419804
361136
535424
993442
349347
163624
654256
591801
345299
924867
50829
952929
176772
194650
965959
724936
230045
74524
665487
557699
724735
537967
742614
160142
262352
7771
162726
567341
520932
114328
986456
469448
791174
757680
451491
365673
475697
832987
241643
688685
41712
739764
570953
299423
816163
507862
36770
329754
9370
326706
867110
901145
539895
31816
495033
238373
685879
385926
906975
672
133416
337087
572451
645204
4576
506693
84694
985511
268696
463149
600200
742257
646407
693666
413508
372013
6407
620625
79059
860917
124762
941189
170062
131537
408763
794379
602558
49482
462719
374755
275417
393570
900850
828012
372335
676200
35671
511721
217866
730016
221531
156317
489071
408742
323324
525544
447412
698760
633829
12566
779715
743070
79659
927855
952544
396771
782438
223846
806608
734884
146677
457981
128445
593930
240586
35764
664255
696500
356405
642205
5064
255321
172686
405159
875315
982839
205455
803493
16419
620779
193174
217496
263777
773097
770747
301627
835516
327914
168328
991991
288699
830600
848103
132461
868411
184922
194837
980996
310447
832936
473840
175319
32156
776974
150232
317902
13443
896234
367839
628156
726852
913858
357130
247237
558025
947216
364590
242860
943980
529802
312818
713631
359752
938620
265326
108338
99684
735210
532326
468503
693287
990427
56302
391519
718002
619942
287742
597150
159826
487221
549288
922853
356533
546745
312165
389870
110623
147714
350217
651877
795806
553386
366958
638966
640089
461490
709534
486091
674366
274715
711493
410094
638626
961031
128327
46710
326443
601080
453426
758449
181839
89565
589168
720969
952591
175661
942858
823886
400480
945167
125016
754675
198682
325342
591649
162055
722608
444422
528702
112713
504117
267959
853872
896135
459394
66007
834244
640508
651702
907964
331943
795679
248273
659191
116775
303428
117347
546207
287441
140056
974004
960032
818833
772955
539910
118049
193817
365687
274345
798034
878144
825885
864742
454962
848590
590675
689047
719731
504350
350604
349915
138379
165297
138016
64448
738324
116718
731099
269169
76606
578908
732329
123029
362444
295222
544567
921867
460571
270506
251444
890475
226106
275437
13872
457115
277727
10320
254075
278877
265288
739346
280098
768643
303183
8954
615505
207097
758626
593306
710499
311795
129447
492780
772327
733395
459434
57406
225337
237041
607133
361917
959785
562653
269158
660549
147393
685331
43373
729496
939936
251814
261403
593372
700725
776180
26339
227031
285056
489673
281265
823345
115911
452348
368876
497120
406672
950568
344629
564376
505002
601802
968632
420345
986071
228257
252023
454427
987444
958616
877751
358702
281570
285033
266314
236841
241360
591638
597566
615045
141545
121975
892651
216897
931914
528441
685531
321260
852899
408570
56328
867848
160637
756800
895251
453872
455625
940552
35557
175623
730293
899643
489527
589930
397150
905518
274224
278810
942822
795381
860256
256976
962274
825547
843194
445073
735409
626071
836513
187480
882141
10285
579384
248813
751239
127068
78118
660229
448281
970252
352995
577845
728373
954053
459806
509557
586261
59309
265258
373588
967915
990111
316946
670077
448350
781975
379848
466868
169641
685609
542245
913878
937770
798301
878352
992323
735287
737589
598407
449518
840615
912782
208665
531283
469388
155455
493376
877665
136744
924619
64800
27729
434744
748346
657438
50922
622370
573986
474457
404440
182110