5542
569639
239755
209509
683125
279125
797002
817727
208787
388210
535080
411778
531123
56949
4790
447060
167493
642641
619669
297885
762320
231874
553039
786430
985497
76752
647227
425098
826279
905134
843310
399082
201014
579267
256934
983625
573536
86228
604910
591049
491769
124403
602411
594203
431509
222415
927602
790891
238669
172682
871899
263379
162425
746174
268403
603099
202827
752763
373678
497177
549993
305434
28078
553075
733143
267032
572242
319106
168638
736030
457611
135455
440854
597183
672430
585135
52309
897157
184410
738595
996068
252967
453004
547474
595673
394041
20519
769027
627429
125732
965780
838753
125158
568509
291481
676665
833666
599155
383830
208456
596730
402894
122060
20056
676020
90009
273552
827173
477638
250300
714363
354694
334438
755085
739854
388043
782403
377667
742958
634343
951846
801961
449647
13265
457456
497031
365949
991456
893074
986101
419536
509094
858150
331061
795332
21115
330761
221537
85746
902653
159118
353668
961644
381108
561637
783037
836287
208539
152801
947161
942675
50755
666697
92869
860589
14228
631394
247301
982424
119081
679010
287490
579971
848536
312202
368887
65357
211008
719706
757499
83067
3992
103261
253099
193605
283501
960771
774351
89759
633613
30595
304659
843067
796690
908981
340811
961946
132022
431470
396790
458421
862136
285401
397780
648306
50437
922110
238040
922659
216388
162965
472094
264846
995885
158093
253211
483849
487928
149000
154861
599183
693434
317329
242379
649493
61043
540898
289928
213218
824716
684042
31748
616457
136578
750027
924610
975563
215403
401569
607163
812635
921114
794243
591129
721239
553299
768028
737822
806628
333132
434140
511576
784191
242338
458571
718812
813301
56204
559495
547011
257878
535760
305865
807797
562933
355031
128383
329435
430332
171849
673779
537231
717118
736586
216505
585071
372783
193585
706302
1192
760957
139504
929739
124981
868178
530358
324531
908937
625186
584469
483342
260882
555137
811405
197679
948813
131080
628534
157005
966980
944682
786889
889628
626422
461673
735036
962853
789730
130067
642502
838761
785357
324278
38371
842093
646940
698512
231518
329511
862114
678216
751814
419811
710770
983109
661885
481503
853601
98723
143689
933056
272238
466674
767476
962333
836382
365826
572693
702243
863451
105950
236347
67001
734791
627386
739909
416387
541647
328427
349633
632218
176588
107622
656990
788824
324546
649711
706117
278558
999378
790578
809501
999552
1829
355286
373311
921475
300781
782313
904226
428739
6078
960555
869919
152095
558918
990237
929740
638163
173451
261663
245186
728501
384418
98467
524425
81360
309017
452050
77602
352271
182507
484220
651636
263836
97604
937180
587752
813362
800059
286692
211136
282954
138930
301781
227457
900905
703805
675328
76122
148904
300205
793551
328522
241001
957104
763928
811380
8439
992460
157262
534553
675165
395226
920508
39359
637186
348812
296740
143779
993558
384506
801006
781061
357502
736421
711977
418456
76446
292578
546071
896927
548180
908529
747334
353781
283862
680158
566572
519638
213961
716026
109264
731810
766499
689018
227681
878609
771990
417862
467265
550546
567831
895737
349832
49223
865914
873728
685633
859011
662005
148340
833213
965233
462929
247312
721455
247347
68417
279459
958735
5388
689810
162986
316735
38824
6300
8220
6670
537321
735226
802927
492192
670723
63892
684652
734583
597119
460522
974081
218792
440420
732777
224223
846364
68827
26477
724660
815773
133838
183775
499141
163026
543674
590300
459364
765204
361524
604667
53293
662017
104624
871544
995566
207624
336365
926152
860630
974676
734796
671339
863748
341413
385091
942012
142875
309111
829163
671789
667624
768010
89723
675787
127114
513625
885255
917764
132278
52547
159387
211564
128153
986448
473223
9327
77889
43534
785771
942028
128869
192292
796243
817793
188926
538197
5864
407496
918393
537640
300758
412871
250019
890688
339853
991012
124804
933194
258071
425168
714486
59120
168511
330352
152695
674026
50372
280828
572120
806690
601998
52530
513499
265238
263664
162651
103064
385871
323641
292975
946025
783510
657387
891927
455069
422972
888679
79637
279353
942428
556192
466028
377647
933380
575197
201958
993677
347437
590506
53395
990993
4654
663184
943011
273619
668123
936286
149974
802222
125901
375296
882412
580720
123986
345712
804217
638235
903341
166859
948787
228968
685891
193100
268442
987353
463162
81625
816307
290365
14991
463976
870107
277812
489342
863764
100583
546612
56138
174299
506223
45024
996525
827111
888141
23264
686265
64398
837176
478171
333547
567699
53442
589996
524000
479
463611
844578
768206
512353
300859
880559
388091
908542
155065
839038
33448
80418
685225
755110
709045
85191
899371
978619
472167
293902
155245
464972
945895
490495
748781
837607
231733
174731
205505
880984
215022
371789
840114
217637
570157
572008
859455
864512
405005
525176
705939
58022
179250
966066
75410
233334
1618
667064
288378
849313
938840
443319
959539
664342
839374
319667
958573
966977
170195
564580
394114
935181
834033
566734
349725
443887
821068
837371
185339
848099
538959
32988
750139
938782
593537
629786
484929
224695
628811
205137
715843
258411
395217
456617
498128
791477
635189
426799
112403
210177
537619
521091
195907
347210
940686
152998
574529
989735
794336
225843
168069
888318
967879
787887
743907
731597
918109
583331
653709
624584
202686
945563
333102
605525
58407
38432
358000
37511
375253
84950
966813
319250
563901
961294
5311
726244
82221
743526
908381
78571
375759
479588
705519
954330
141496
378840
920699
399153
764432
720827
52804
686008
393480
653284
276527
378905
816223
498365
462049
120729
895369
632390
413638
777119
511278
519050
437046
515562
964510
230614
218632
693009
807395
780719
674578
384299
93131
177975
790380
110723
19627
825524
884102
317496
474888
742816
61997
502743
60679
205681
363099
401237
38143
178918
824574
231430
221324
270133
446384
246095
835217
746331
936771
606607
37336
79373
172146
351387
58276
947898
166401
882765
262282
880826
325137
200985
724260
170097
625028
451493
897436
761873
747888
473422
603733
322365
369283
297025
125756
489861
742651
784053
574033
667337
174648
143326
803428
82836
308457
194907
881643
426802
631168
703159
534124
880477
163987
627915
976943
518849
335793
776038
268895
940097
216073
258483
577170
142652
568088
903539
555786
707875
799967
649795
384195
567531
797583
572497
295235
823579
974011
454016
406619
478157
68360
28955
800163
118123
516333
474846
709861
219490
374467
526448
84739
341514
858316
958232
256881
304376
502603
159121
742583
292905
665507
647316
551211
912145
215455
419352
779555
536545
284787
933821
272925
387018
496530
478317
550511
290695
797259
303948
130403
254531
586132
480294
493920
745269
220982
744428
984529
830805
326937
138190
789180
776852
572265
631737
753625
379929
55809
579387
659334
62303
514850
589246
129705
34715
938724
514119
634618
430250
32792
898983
280077
541443