169977
830070
501394
992221
706876
328342
761750
439401
645079
894993
682338
195368
771805
76292
827717
377225
545802
282759
72338
666873
240216
213276
929543
846695
167882
399134
951771
333962
80760
252145
481157
245413
562818
144713
944715
409346
748322
264634
433840
23273
198864
182369
870520
90234
456919
144302
651677
834623
808155
908235
304368
836489
290604
182038
449540
152164
580222
502109
129865
875955
401049
162645
155950
795276
150562
656407
928499
598190
985599
68682
666157
198980
21542
112210
322264
787037
345844
472495
504952
741987
710136
544889
792106
227759
83206
57545
961148
203161
669434
203157
128691
899714
674705
712071
60183
105393
958862
277963
425170
766618