671806
386084
408458
919481
587379
491729
89884
50596
956807
30812
553696
338303
277592
28908
759669
958715
190205
313647
592345
609818
897798
419908
441192
464936
295145
853487
502648
953854
769855
538301
342269
616209
895802
311278
400983
553253
924465
441496
580720
854825
207577
617043
370846
522291
52618
448775
327994
62025
464577
73405
540009
589010
576726
20151
701307
250875
535525
215804
464433
635841
526179
538167
444767
268887
273871
850228
276985
513170
388785
281366
737245
442895
825099
497123
71235
856302
441629
923798
456825
96627
806194
6042
641227
238922
52759
158693
945076
726592
833913
936701
558074
532386
411167
936148
801806
954311
539042
155358
601330
243541
542178
82341
228019
392132
211690
95350
15197
836952
568700
837118
985878
404882
195935
270994
767261
131877
928634
876558
824012
327016
696851
242989
689551
674446
577340
69702
134172
276642
874023
295404
897074
206104
175261
76123
556221
202120
28877
878530
240640
140228
58052
443050
255922
352941
755886
474227
307466
796866
693615
277877
309005
552510
329256
755192
302456
847069
312300
815155
784880
158358
378557
188514
33219
546423
567810
688089
107108
392505
780874
607259
250875
356693
937108
350589
655688
311915
915052
795889
510052
980636
978654
77645
259650
537717
878145
884000
536731
271235
541632
671979
995984
646501
423547
546631
997193
695684
919206
867701
966029
483102
811660
903408
481168
191574
503587
364348
192436
46204
751370
40395
618958
342727
281132
546867
929242
471285
335187
216223
471306
750114
138809
538144
963095
199790
832498
895818
970803
467101
287366
480279
995587
91454
727496
744445
469004
287919
646771
526646
811130
111251
501498
935547
262465
756681
351529
984389
189712
175100
740225
697025
828686
699336
415994
999721
677009
182864
580144
8461
916603
732568
269250
254737
93096
101162
858763
727016
104853
1839
920321
256903
166421
851829
107045
12084
681079
41745
761207
899289
170919
94025
486465
26499
384971
745556
736593
237700
335205
692961
433511
217100
242777
475957
143102
744219
905203
480118
669352
206131
775074
209831
443724
808152
544691
31385
650870
327370
376124
571819
758722
642870
667059
899775
696783
381255
111830
142970
490027
76007
410538
839912
89194
332878
335352
411685
263193
353044
530695
586075
580176
249968
816635
568749
798466
302936
51613
786079
589173
389348
18963
548613
244729
496690
758588
232973
374938
241869
479634
796474
379629
790839
563490
392075
176137
367177
124890
646045
777990
950567
28425
730463
603613
376271
267603
817331
799137
501736
321876
66884
165412
513058
800333
703994
160901
636154
866071
143860
23370
350234
302568
954145
860223
164505
222199
29087
905848
821417
623279
971218
799527
189519
450093
919734
283987
896417
398009
899370
953595
172456
804318
444243
891862
828344
678344
244066
87765
995820
388904
133158
517457
571898
174989
87510
611082
653925
128822
423869
195695
797841
339910
216885
755528
129143
967511
103365
771772
828484
86310
985244
289609
768127
444036
12324
952362
161143
674135
207859
734849
934095
490714
726143
603687
402251
528196
724419
507275
769391
512037
347821
223574
213427
358389
971640
715992
635084
417840
118022
23042
731091
140328
423669
242052
851453
274164
73857
22658
888537
115521
227481
793433
327151
927550
517829
699296
25219
360094
669536
345808
66435
124080
309182
431834
350981
180200
615921
543000
771977
313011
508825
824677
685556
279471
637418
92710
136395
130475
654046
113685
807487
342154
48530
133620
193084
790031
394749
409559
44756
934488
521545
27653
739515
570677
292496
269409
59995
553277
554045
537429
173197
928750
582169
889540
474793
706148
819482
854111
417083
278453
65355
508060
134704
166809
896137
186455
303779
20418
784165
119976
559800
18121
561776
921410
726706
147763
837948
455914
871979
557871
136763
343723
498342
921761
75939
566212
662249
370162
361242
1409
83920
737596
576402
335222
584547
693925
862535
395792
973935
517184
65595
125204
790364
213922
476602
315030
663718
854
716087
919576
58123
638858
17928
161935
374280
627586
269217
862415
55116
834794
264906
760179
262355
906238
161873
241289
237540
282138
641039
235377
870690
913463
983686
720051
131692
302646
49789
267522
591304
45159
372655
99187
858964
384638
293083
837193
348694
919024
107492
863150
262859
236984
676994
136131
440728
444908
300520
215531
264142
638740
131560
495036
553067
280426
699559
263931
25333
281117
539788
608361
983784
387285
315572
242499
146826
46136
932031
959127
745691
934402
821625
884564
371716
246044
897850
960786
935995
789037
637857
834851
671063
62418
682903
557071
944366
491177
804356
463092
138983
392638
309877
676997
66166
868817
987393
331385
44430
833232
529184
777729
694763
615088
169994
871262
938436
998467
463933
775807
567645
683130
142088
796523
890675
119894
415703
51881
603451
651145
980378
885276
404718
342112
970326
698531
685289
526236
759234
744657
666875
89622
799972
868345
442753
370368
949497
778056
857250
230093
68684
3986
89679
518009
843409
272964
988646
548299
897548
323124
419614
734885
363971
412911
925189
267223
893754
120086
656005
262179
11112
519913
982583
973874
704132
632927
391293
569029
760477
825399
356510
857867
4073
587043
942976
367239
998497
633709
651565
452762
859445
55096
386993
193241
377084
316915
888295
115250
182588
807679
522625
965752
612328
572509
654339
655728
164544
366314
210255
589536
175285
726553
937466
88856
394390
599902
805628
863954
160230
20405
694472
971555
724438
203785
739374
905836
174148
822480
41374
753656
805690
726273
701357
676973
158390
187631
144450
19617
323348
442215
559866
714860
513300
928384
130247
149765
24709
831999
375722
70326
791608
772335
219290
187729
370044
500333
173654
633240
271579
869388
647038
617473
278673
498580
578847
218359
692676
534676
831038
81919
459862
954286
633160
224430
964
636607
151035
82049
668969
63682
144699
380656
357896
29758
672625
276003
511097
144807
121733
994395
579587
846299
531074
655919
647476
174306
502417
136942
641504
497820
306213
424589
741889
908657
371679
383494
852325
870389
184899
265091
873770
846531
377742
786167
212151
901791
497699
163352
577132
720011
637104
875676
504326
105821
105462
151395
833887
584419
682691
302136
81879
105901
239990
833438
570263
977974
975045
237070
306085
429559
632092
908246
206071
787461
582282
882912
537112
293255
253698
116712
671687
176227
656914
28454
37942
115023
642623
586021
702747
857354
488844
902125
489387
510881
496836
320340
723646
411568
821532
281888
630338
960080
392974
41214
436574
138709
709828
648279
150510
724222
313838
197112
255187
757128
839024
287494
518987
983715
802996
311309
830206
675072
414941
505817
100114
542455
794376
404002
356455
358205
520004
31763
18910
265656
362459
481555
632858
308690
636653
658310
185772
811474
405473
100943
724313
658756
379168
77444
857899
60503
372457
429118
584345
808859
57168
22231
832611
650782
971495
472824
513774
814836
260618
759023
237235