524481
113345
834667
820543
259061
663058
48131
138748
522157
293436
937996
208448
943785
610427
753921
972403
180219
171853
179287
234356
439949
289547
693209
140036
33337
189813
630607
832346
231036
524359
77053
708721
940440
202878
486106
590849
828341
99299
935664
516391
20960
684216
190585
778004
938201
898547
639455
635938
377161
701028
176927
760639
212206
920286
716744
888045
342097
989991
119216
827856
744073
687653
606931
732597
935515
309153
571664
756897
534219
694612
890654
216972
289966
680613
926769
64990
76525
265794
575886
632309
600025
426421
800322
128233
256821
484496
22568
99478
654864
506381
292808
946121
38011
63682
446441
55766
295692
750279
287990
254049
464634
183852
629066
646661
315556
812808
467386
870279
557087
370203
128381
978658
473229
672902
329646
666209
324736
18119
886237
843146
608681
994608
891747
341478
387257
489857
177943
604024
989006
15151
155976
605152
256626
215077
175886
913526
319224
128777
30111
565148
758001
550435
64421
397
305028
425187
672428
900600
357078
13573
38140
373897
699188
253
474592
543400
980026
298845
476776
697751
407553
236533
488020
656279
869209
166546
585772
455338
476489
926501
527829
270290
295611
160713
38060
76863
308664
606326
576013
158871
399176
580504
799121
327118
870043
653923
220370
601529
284442
494421
497269
797321
734116
480657
176422
43127
521472
851463
304733
33214
8972
832690
167339
150477
768787
575451
965199
421267
72252
215612
994686
995123
753226
40251
209883
997148
54064
822616
260601
585365
592959
85700
23865
259634
440160
374327
937215
583421
636663
392456
534971
395009
925875
396173
371420
898352
418267
676326
58715
77506
656883
673185
90826
911241
821298
671882
48820
932615
253378
997875
431142
360455
436050
820503
441219
828930
953458
804036
265435
656758
156328
244138
331039
925395
86428
631592
19402
224059
100748
994647
96074
68354
910120
904266
208924
147482
956210
469065
678317
568801
889533
780958
944677
957889
369797
259223
386754
704384
553340
583170
470558
188870
882266
285465
229029
188650
806221
982737
857048
358582
770639
454317
825251
320183
582361
426953
305325
26118
837047
671897
829859
854781
200628
635022
205112
589586
631807
787006
688348
574310
857385
639705
951697
126784
674277
536608
521834
46118
569285
191785
889697
971367
321914
732715
921164
623048
187191
574554
301627
239537
421599
562165
953330
665132
921323
935338
580499
328976
501920
844417
351386
482209
739362
540786
764139
685670
25744
715741
130728
924918
278816
526982
538143
793197
21426
270330
659053
781485
592138
519725
739740
402336
751445
901239
842516
904611
403989
403536
754484
91735
22431
539615
366987
930033
790356
710487
316016
771061
523621
432278
545734
950330
395359
257196
916516
990984
80645
644361
69720
826549
554052
52781
698394
490128
475230
994803
300050
683471
900212
738163
688439
762620
66193
971461
115107
497818
93047
451605
589530
885624
993466
389520
323223
451626
185442
972149
444883
217234
141649
933736
776166
667730
127773
670628
291245
639236
520704
312884
741168
105672
298484
18287
882759
86492
910461
99446
858541
924732
958356
502031
142418
852036
279777
734317
682663
635212
806629
289676
382710
668697
237407
603907
580900
581760
613005
645287
810489
951018
943214
565809
542986
843211
414875
500325
871614
517793
278403
953060
371052
429783
647609
203517
408455
856100
963189
521364
246527
841004
577820
480078
891339
58802
220015
139344
899534
395069
850222
929510
359980
967639