71533
187146
124411
642167
123514
676776
823397
790144
34806
41528
595364
177114
586522
967146
403070
758178
510390
590804
297712
160971
744933
457546
446660
74569
951827
683223
250487
921195
977709
759747
631367
443055
423343
518341
833832
710232
321113
687709
99254
262314
719091
7071
483331
236482
369090
513007
824740
137114
930035
884312
24084
941979
556153
681835
163019
4103
984828
712482
93295
542820
144152
738174
540172
13689
846284
655368
138926
997610
471931
485267
336548
219167
394091
439045
413980
54520
944773
459163
466404
477254
594044
441754
2716
57993
450345
870308
320168
72258
711927
345019
985758
308786
658590
68968
740585
899014
147681
314388
925710
136546