853850
932444
317006
252808
24387
884731
772760
608863
757327
733335
525269
533266
76211
430851
606506
599254
892923
83149
969959
680011
711285
341733
146645
826459
735115
474238
797951
146785
247472
619089
185374
994228
632316
878423
633350
733287
630331
665643
6561
153968
798571
322675
373494
72394
924676
775710
501100
389535
353665
362642
93237
843049
681172
643124
378090
396290
883124
740736
153696
439441
183931
664296
719378
847523
573456
697234
418884
328736
487422
264214
210073
296875
580726
442610
576489
430811
816847
333105
904869
798688
589375
632936
612936
225004
764665
946132
844876
813713
262900
539300
959033
822204
376361
584990
550437
365105
735119
70804
624552
955606
173184
819353
560038
255741
959163
457326
723531
517596
328823
360005
470404
196351
523280
584395
676641
893478
802030
95022
4377
876195
902872
705573
588542
214914
650563
185265
869692
925069
232718
605973
693079
930675
76698
863908
585208
571207
164103
919050
414740
586347
526674
291702
783129
129410
260093
196746
759893
807741
576998
675309
580579
950806
667404
105936
956637
834756
84986
178495
904319
999600
601198
841360
527406
981776
423715
860641
195713
230889
472427
962609
479484
878828
285075
850917
299520
548153
935676
344560
531773
682322
544458
898141
818027
734106
795662
760200
933286
435167
980522
233115
330290
461211
690301
942256
382133
623283
381434
328904
160215
556683
566318
842461
471741
524375
714561
43035
508159
412751
544025
379208
180195
992911
86244
698189
290204
719026
153420
634641
62157
324870
916935
824301
100137
859302
976331
292254
321662
552637
333831
260480
263997
136391
699414
680544
831567
339349
541109
632724
572893
235886
409790
532603
140836
251525
855720
994443
247683
221281
460279
817634
278982
878081
130054
435726
216461
474339
240525
134451
355314
155850
697294
836040
724504
384453
115401
220989
35681
460975
476634
211316
367399
246178
785390
69838
223383
111416
753787
671167
322810
432000
854465
23235
64642
507853
839915
409878
878526
837763
649904
878307
127975
854644
790703
757711
739823
198971
373408
269715
243085
852790
679384
802877
891742
517208
372331
851333
581032
781156
999816
195113
942730
992421
284424
966570
527985
469779
946442
767883
736033
454921
802101
524185
299781
343155
477936
145720
991599
642946
855063
297303
659304
114142
377476
130436
776706
79490
872759
116556
125125
226089
352491
431303
144342
950322
601630
393346
617304
804357
557235
760620
777185
383199
854983
566004
869771
907411
591661
182621
412165
902998
398053
378602
632710
540163
158094
249182
484184
718425
218254
601640
703507
206963
902980
223627
684530
875009
96744
418015
48085
298646
90301
667023
841861
810803
252058
13814
901953
382465
723140
690646
859500
8833
382163
505829
700982
764792
669802
719930
346195
208592
392895
261252
356875
333662
287022
974009
305213
143836
320218
679936
453124
127886
959707
919671
932205
411361
683770
723715
811586
964327
780087
629135
583725
611193
708798
103313
6888
167145
760208
949067
397467
785886
853334
565209
779088
465355
861945
506471
875666
400937
961122
926075
900341
765335
154746
159140
236389
236376
917406
961629
369127
314240
796902
223086
459052
239948
303789
703337
707280
292143
796623
2413
773162
233698
650496
636575
854698
247500
74930
71695
126100
413230
426404
485796
278390
816563
210607
357228
495821
543403
385941
995146
874207
213497
827831
43302
918527
630397
219726
48888
539542
187052
555281
978506
440657
141975
368672
551370
670108
603065