273524
127158
863677
783707
937012
556344
543480
597727
887822
594241
519637
105693
830312
772160
745432
693419
103785
870315
316315
378358
309752
139024
853371
815532
253355
32492
174998
839277
974151
893381
30014
370914
53652
446145
105228
411597
994539
7656
609342
684399
698595
772870
10751
975737
826423
271299
975717
627182
657318
178844
486415
906180
889468
358384
300591
481708
527240
736812
160404
897182
347152
387934
837174
988055
627145
779550
118585
401397
788039
596321
781833
849915
561503
454088
200077
580474
466083
134491
233948
495019
761151
716922
397638
955336
304505
13078
901912
246180
515700
878927
295387
47850
935757
224963
632961
452824
198474
388729
518811
947182