987110
998149
655528
830694
833537
695758
839660
800038
711120
329764
129993
575055
441179
98128
848682
227209
983028
48885
518740
45266
183600
643434
134414
207856
299457
274971
554949
420811
686818
159547
284817
769327
596400
316547
994152
256940
635222
495307
273815
37537
539356
142113
127776
745539
53496
927819
824222
423221
701570
324914
621023
238319
124514
106179
564190
249515
597540
973950
405599
39453
467484
338387
727358
872759
169588
199592
508135
831131
135754
132038
378925
42049
43036
587398
58982
230301
935136
710901
141627
457723
835664
632468
450036
722743
308485
485785
776881
181495
993963
540315
801426
66493
631592
460622
921671
234592
818165
352375
199279
955703