738325
952880
147505
701526
149930
590587
34718
96159
50550
814155
686141
585737
51635
809598
929831
427488
981066
214137
727642
328200
310492
500334
848547
888292
443134
564416
903590
378266
886344
856626
834101
173409
483967
211933
336174
780782
524881
660084
918464
467913
837169
728940
868704
161633
685430
123759
721278
680217
137395
459909
708863
890579
482187
290806
866580
943117
637725
819620
578135
657016
680024
657299
394041
360110
541843
853987
252743
11359
552776
359918
616295
912161
304544
184394
274358
196204
861094
34982
997332
326169
888703
375666
422382
77522
850958
471568
673611
986493
942064
32072
77077
537951
255484
585364
222207
829600
853311
904010
116072
925594
975998
855832
773267
963923
676860
828934
828802
502888
826671
999882
629476
611855
945872
275388
218507
592808
559726
112696
345946
941584
756874
185110
537943
614216
199468
158696
2507
718824
334433
250748
441805
25267
314713
238334
855189
900181
759686
905576
596796
495508
933783
818545
619604
728035
681511
645577
670019
751003
724716
160068
266700
354289
742341
282741
119886
892381
475104
696702
984923
374112
846804
340107
607394
135176
974795
577824
39742
665447
513793
606459
903785
952171
300131
899904
836432
515978
891885
634714
815058
645987
358435
370834
704323
104152
929836
916219
711469
265074
433847
165370
15475
460462
948113
749380
328731
816832
910495
116065
324904
57135
478391
12510
144771
224053
610121
229601
764730
562226
651036
727741
932511
463333
613646
361743
37894
358627
397089
246391
314433
106856
749982
709568
961700
16014
188376
947129
256625
394817
152841
525906
263151
104960
65507
135052
599132
910814
99628
125114
19404
942057
390103
143306
630137
379642
564807
682233
197902
792729
83745
704749
687726
257413
179699
761817
119733
130760
927133
108248
622016
100618
328907
441582
85467
991276
175550
249969
833937
634372
907252
194565
769346
429106
47823
280706
164858
711840
7559
248390
49235
429964
757300
693425
504657
961274
915479
49914
571768
87526
817072
196558
243688
388461
839072
909454
670673
578896
933227
12144
410801
157552
73451
978567
341108
995607
103875
650654
532775
246470
601008
211322
947557
510184
36552
619702
243008
222609
936362
68217
510610
179189
117627
688283
696051
208311
860570
260801
374508
977164
58000
466505
935715
195245
41061
974382
832523
250673
326978
597994
367877
706575
810966
738293
494408
978212
357290
626946
147380
576814
105223
95195
981664
246984
55573
583988
41053
317206
461684
853354
84430
832449
694592
997371
464719
234946
588446
474525
936734
320359
24045
225864
257048
714331
490450
799760
58322
826235
118486
946173
71853
573675
32428
721930
517625
478740
837695
104111
717345
899189
630452
981576
249085
779177
385116
15819
614837
891927
847240
307109
555523
738994
480025
161975
802194
119921
403160
346096
574113
38108
98572
393465
936182
487011
367856
63027
415216
631342
558233
279893
69485
843880
876975
896912
600685
553518
831500
903540
134400
636560
80438
174782
90548
81714
737111
180466
938140
37874
922201
888826
624498
617939
864547
544556
928779
914273
84061
339185
181140
736522
930316
284398
127742
303707
783370
259155
926338
90372
290715
405192
636996
66714
963412
312699
563078
823959
123597
894356
874606
607359
792987
758891
609613
5924
484784
872448
296722
539058
472161
896243
961224
6247
33949
557367
312048
833953
510322
38121
333795
639839
664217
886652
703428
632858
150701
746038
685576
176194
796990
979070
865512
66090