994750
798216
971775
508161
472018
164379
978497
11486
67815
188869
530236
173231
980967
51544
459310
759600
224352
363295
69241
789665
10405
841143
109666
478998
251565
726857
129817
168990
484630
896705
811935
782333
535419
413950
368701
916116
585400
131979
184970
982256
62778
756987
643553
837938
355050
693406
77534
470710
432587
493547
295545
466942
905607
598478
773544
978617
718831
702925
688429
407971
174798
311838
856861
384652
54006
792861
630415
644483
98544
138399
45031
596180
22548
799598
987195
949453
363124
128744
885442
205685
141213
964215
993671
375572
618511
435635
155587
440490
733961
206305
663461
20978
871602
601449
598574
24522
215007
571321
46200
476762
31685
809153
787463
971847
70288
429887
489964
444098
361825
631111
584279
580622
423811
502210
216044
261233
569791
993905
288472
966753
697080
805664
2726
176364
153167
36329
726756
116254
374442
178792
64448
642459
818002
226828
401406
532302
626583
280487
230439
664465
172601
938773
391875
117563
394093
661935
712720
652587
425731
693502
629568
521935
536785
702240
294842
910250
497883
12605
459939
266574
914812
135748
777952
16509
922729
99614
649519
384280
638708
202456
351547
533049
328357
422314
385319
959717
288468
692112
40959
120207
274684
21435
491324
224381
922812
903850
858671
641023
860713
138483
915831
216718
253954
674859
691297
453447
725766
151060
206396
539747
122920
466227
706350
793653
137545
489516
980000
208739
735864
445185
20481
211272
427077
310480
197345
690166
213667
342978
84681
94706
994024
766649
336666
799421
913360
334445
352305
354534
404279
626627
495057
838737
926195
811789
45906
993819
76328
164292
514606
921871
830136
840386
103422
236046
691355
79211
325602
609616
662090
765121
660433
49356
302008
430876
565988
828816
151774
205064
276185
153219
879715
231621
657142
555241
943933
107159
543638
135663
494313
391965
433271
933090
998568
99005
567309
585556
855957
814804
500395
568749
889687
488775
985122
244658
845909
436915
758647
638524
8085
798098
331789
496561
6388
145574
697264
421274
125769
512331
936312
10635
970773
527292
642951
27463
623031
406943
608924
380330
943827
171795
271602
277593
204351
597631
175461
489844
370594
652291
91645
761027
677369
855004
99146
224467
35183
870490
71364
802249
809458
467416
773982
735478
745208
998698
2868
717534
65516
555966
259973
286426
347901
722206
313212
509683
981789
748707
727926
994222
467177
333664
287460
769247
221538
616598
990566
946043
534116
220103
289777
944378
506838
591766
691429
331762
442541
764235
608704
866010
521407
698486
438951
146672
332913
458577
39073
77760
206752
663992
478828
439482
56814
432050
46527
894695
424154
774213
65419
802954
312335
235137
240054
580677
471879
747143
565481
456590
332133
51878
348978
847033
225387
706623
607908
106472
191802
973664
568514
552882
995307
92443
373173
823511
930659
711025
862473
589614
541178
623283
589724
791551
769488
968801
636118
761067
868153
164237
492949
337381
922107
562840
862650
365675
296589
644745
705819
268663
119387
528729
134234
789544
25914
409027
480994
63866
27713
866342
832957
234438
484570
307080
18664
792872
999975
407388
122800
258835
99034
649078
88622
831970
789390
895025
914080
601986
395117
39068
645369
182970
597978
709991
871690
752711
740930
914349
450335
501381
508440
317036
221027
382753
198107
76503
951456
900763
491581
364990
545089
848393
474144
392437
317733
449074
81913
793627
935447
725224
237186
423903
623830
74614
673274
443439
541272
214388
677206
651552
882554
76117
220440
605646
209652
255888
242322
654029
293518
810237
673919
916060
502434
357758
308009
569733
573573
16569
821680
859838
852857
116204
943373
433184
592775
820732
830562
767725
357052
539046
984210
915385
376833
309072
960353
807828
250335
319365
626601
164079
36381
261303
694108
165293
507694
591999
591861
385129
708086
188694
793486
704439
867678
70574
20982
680462
84958
102664
819512
696253
274419
183294
330280
809690
176197
637180
518503
294617
885096
508147
346635
433523
954822
181665
627700
686584
654789
648341
893037
910396
787054
64997
488535
771155
796734
218339
944761
414556
928170
534150
685354
576562
234157
300611
242879
357394
619899
30538
708922
820873
787628
333567
517443
877791
690275
397417
508605
630160
962968
556489
220463
410892
992615
451833
912377
494598
109302
359442
200627
52010
29127
38958
959194
26627
151964
161971
826879
225777
350605
958773
215971
234450
285593
177241
739894
965330
425002
187448
17387
808866
277654
757372
60021
551494
184701
351116
905236
270995
63964
52335
439712
329987
134441
624507
629694
769103
726736
940314
911955
527839
895687
888832
22768
823785
772480
712510
616432
73537
426171
567502
99870
401301
151630
269081
562080
2337
354205
200821
402498
467795
160404
661627
616648
412070
504889
679492
771900
853450
933511
794079
98014
942080
848709
889411
510642
136166
465781
821927
966925
502269
778878
864228
399349
302122
283370
497498
389865
204732
700800
149563
997992
470848
158986
360943
496374
323733
732129
598045
957317
221040
608646
635543
182537
267400
799009
937461
293053
233908
710071
565935
240751
866111
894654
270602
44879
299216
904062
108846
75176
379446
803770
774196
404517
116783
312329
733331
714743
380388
5310
25639
915040
469607
753817
843828
103301
863047
867725
220912
779246
400246
757086
863537
709618
186573
573727
792544
1984
302162
462925
910601
10980
716336
694460
456679
589702
639987
271237
118202
326233
403480
250511
900167
271186
325932
680686
611517
116527
736790
193106
610860
988941
433289
426685
815737
301040
79472
30395
587923
651206
475589
872116
884253
665035
219407
376369
363672
988893
915632
655322
279409
545269
898475
799936
999415
839977
403404
502469
195703
230793
496390
134077
22451
238928
993368
847169
101414
809141
967928
505683
403437
888922
946521
412790
491795
351660
50838
625889
594488
643153
192203
411921
666807
956602
626824
443735
742725
690410
181719
521491
329954
136861
116224
692993
706605
489915
105339
176875
344176
743594
390434
120737
627470
733777
627095
158802
92255
992526
104496
643879
496700
252435
674738
234948
436104
459176
238300
433465
117981
488182
323358
861140
807502
458870
970140
185768
412582
803533
445829
377018
190542
664236
356458
178478
865293
756962
160259
342556
254876
277419
362593
421982
277541
975519
81930
525666
660987
53356
937597
938601
607923
248165
912474
68499
263098
757452
894960
152281
334816
127881
570868
503432
259749
613326
861481
327088
750385
602563
480021
264239
204496
966987
244606
263438
318545
508209
420141
366381
473886
151263
431434
29744
361472
729131
614891
8763
14698
390946
504782
677300
642645
906753
77311
420701
611091
646335
350703
951695
243265
768177
943314
119587
298751
187921
371761
952649
863743
240140
689545
233687
377478
676556
371495
129463
377711
660044
509180
908374
967683
626061
823484
492602
271581
526316
477603
162958
829242
233872
282685
710201
618989
446843
727060
625514
344806