851780
454353
596942
541219
555231
66367
144414
139448
39001
389863
828884
824229
508666
112042
547180
703763
732597
426196
739415
139358
857131
432161
629890
128521
533153
985377
233858
460761
416241
927365
873107
269347
906846
230192
749827
123431
277622
970767
147262
107034
289303
38509
719991
793457
355730
980353
471674
134560
366598
981420
225373
944970
681251
314022
536199
480169
746743
107926
717264
355482
308655
226735
651925
688882
819464
528852
914085
458659
71400
905529
153342
888494
60662
300102
910332
773788
977928
783992
95261
71453
834285
720029
930248
816078
728946
835771
266404
606390
277150
717580
482087
613922
6512
773096
878342
378876
383041
202414
734335
797474
113650
820255
278810
667948
428174
420115
673138
842374
595297
825968
593675
859504
691267
526041
529096
136989
334823
165660
903472
307604
169067
897311
326250
457065
401418
829493
560421
131113
78509
628546
651548
989971
637090
964363
425819
15662
219918
547230
173858
394706
24650
339275
439283
347244
509908
545696
193186
907925
170803
641697
693972
422745
299286
475065
521828
364428
168184
193083
316011
163287
998533
612104
586499
751076
731799
269728
539412
12783
242457
614298
704170
328734
331517
117542
228466
472358
485648
565815
574877
601356
226458
681884
43533
309386
49499
242801
111905
940366
961239
380250
736978
757068
820970
124990
933694
197644
592436
297201
723533
863128
459393
297892
335112
133343
789246
480679
417347
985551
528544
338199
797125
615120
526635
30220
215856
871821
661527
428106
215341
943701
740879
346754
380635
568088
226569
2110
898286
708659
903543
288658
179849
868863
440897
615467
551896
685124
538545
900266
856375
486117
266080
714268
791539
85130
553642
447878
808021
862679
46189
100304
768319
123545
215809
110414
228964
658308
860302
385770
848661
564282
21607
738396
803014
849093
923411
520224
446710
18462
361413
459476
353901
453955
389307
470356
716101
445484
188576
36386
319110
305868
520411
359392
874092
58079
402157
908310
286160
460325
374320
246828
292039
167242
311970
264528
966792
593894
917060
63072
447578
524237
519871
517161
431236
275700
273629
830716
824368
850530
747209
313690
411000
445203
613931
259612
409310
803004
233377
944003
506484
534891
41874
899409
288495
713848
10755
712038
836033
516376
964469
610728
446329
728610
717799
787140
701141
403274
317300
625289
57101
831091
800701
941173
774234
85401
657212
502905
776687
618199
414996
388777
500932
114644
936339
897904
276247
620469
611554
616944
458598
781750
998015
64962
809662
118858
800002
342686
316898
770261
866513
312909
969872
643415
973894
679282
743762
596673
949332
6326
233921
462106
569479
771034
806951
324048
599550
734843
312421
257468
233094
318032
863471
251124
581804
260302
298592
56034
142486
31694
315704
931392
701093
796712
920824
247130
226364
851591
282334
135805
282607
494875
758217
445957
568521
212107
150472
830376
259203
373142
707590
803460
135209
292827
782767
875820
480384
969098
3946
740650
871923
784679
896169
144274
397395
25275
800717
490579
527132
364070
63577
399372
65644
459203
733815
496540
124552
30068
902576
584679
363019
775355
609510
377612
358711
89884
9818
453172
305311
326204
479947
450313
95570
177708
759586
978590
369708
191774
804860
274015
405762
846754
340161
554839
453018
980145
885376
716462
940893
68545
415677
536595
848431
72001
637208
978568
639633
680866
887815
570602
438447
344995
286016
731258
216746
465320
608195
739871
368458
739110
705992
674763