966183
185491
228540
501820
255921
250915
166447
55826
955788
438768
865527
821478
751903
311838
68810
394237
795571
396456
799105
453141
64168
480089
405668
570814
75638
898216
47562
640218
411272
699034
11571
795986
356731
918390
753163
681975
404022
396868
10750
551365
20369
917256
458969
965237
602242
121543
951367
491012
623175
744473
133474
472149
227220
276958
265198
128860
886821
865872
711672
637459
959915
791473
192716
174510
147499
171900
974845
607592
69248
234979
978877
597558
900476
836796
379028
842141
768818
409198
648077
733282
356204
207242
41604
342124
754908
97264
322067
212119
625210
199431
283743
236215
317033
792094
862226
253926
124468
385743
605581
187619
331278
105147
70493
211195
48377
437404
742511
304346
546448
685562
416603
234405
211890
407913
81817
764476
48069
391176
36705
439751
539393
154021
722317
672317
780899
238582
157851
185354
935278
591868
891928
666418
692004
547962
502013
379978
912991
387015
897366
947121
369972
493382
715697
879909
383029
804793
861594
99191
915086
938353
973732
17378
730698
518816
170663
906658
865655
7861
174351
444998
198027
829154
132911
174092
190452
333463
165899
754089
508694
183638
967332
867484
336059
134924
736730
951601
244995
899368
282386
575679
887232
567980
821392
566459
690596
641491
505245
491953
241165
254087
433158
698470
942555
172791
741212
501916
819397
958407
156168
908968
571029
544935
949452
612949
207631
265797
434581
285727
856083
548985
538658
869251
445145
361781
986850
881180
866318
737405
366733
510591
441420
915732
968179
521173
308865
940524
881317
562836
943128
110234
856217
142667
148412
180497
201018
183292
381249
445747
573299
784362
551513
477536
233279
336472
846525
783205
999119
394274
505815
665104
88482
967431
729303
68060
120786
983847
292942
522952
341372
267533
660122
345623
336685
421882
412020
419634
170012
699109
603130
987793
524489
593602
777590
422830
502919
913422
59011
225062
535934
744204
657521
436916
235487
227284
532698
900934
568892
290045
290981
59697
317620
697754
30717
174809
883482
216050
342919
790396
366269
246843
525923
759252
778227
780529
175123
706981
9405
809843
558843
365898
186374
854995
856706
356089
742843
233510
807177
904906
203413
86251
429687
90248
374594
184845
997523
753878
899384
656144
460421
340894
524928
484702
350507
610150
762188
633592
493605
929094
32378
215046
165616
267760
259968
510260
497939
454987
667334
315419
345113
246693
92095
174571
728289
591656
838931
279762
389362
261799
801824
163434
765502
155352
753530
577883
521635
983615
29753
390157
584844
975113
911419
440657
981686
13584
706064
71055
908173
861197
7346
573462
673530
81145
742549
468249
621482
975553
435066
654858
508782
452806
739520
145146
870415
502912
109189
204913
638956
662976
859953
6982
99878
804554
179996
514586
761015
254372
996453
803469
160630
82627
950983
129721
409568
12965
797030
902243
401273
294143
971669
495636
589719
64776
926792
891350
49000
256893
121546
421211
974202
627562
186397
209167
646999
808623
617322
901685
220152
107416
295155
180176
938539
84185
731619
227690
743898
501115
82829
594002
994017
316885
165161
47248
524068
986536
657411
974113
845509
694266
994819
455832
179542
140531
846270
734712
140508
145217
656516
558874
206912
349695
759912
166376
888357
289337
450889
516332
69725
996828
957534
81766
754032
721676
330159
579118
969618
862297
848217
807272
217948
820546
497790
118138
50452
245053
33065
932736
449536
277941
342906
207663
352100
70556
708289
87541
771771
157541
430948
850297
541449
387757
68879
961369
661469
980009
517144
804938
892769
520753
453344
579893
794611
849500
690849
696486
964654
105887
331935
163548
451984
918081
566006
291503
810999
193643
806090
549452
554675
415063
116586
324729
114205
592756
816562
142382
192242
168481
464786
413813
127923
303229
631184
701785
986698
322673
308211
488526
860255
519622
845421
10304
564571
619596
555231
520478
181421
111674
170500
25088
45657
422352
456546
457546
673960
322794
982270
35404
612885
200352
35278
894380
547797
957111
206648
555145
238172
141318
488069
689254
438307
226352
61601
863010
19031
323383
490488
616372
145311
466461
450884
778805
649833
901227
903966
927986
712587
109131
614600
646179
451927
603390
127467
810309
561402
899269
767926
355488
930881
163737
320360
830830
924655
482267
239080
565539
921228
922336
774197
743896
564807
70076
700261
9178
230157
815707
988214
824891
766589
587372
466840
563515
986953
438231
850526
442538
374562
969044
194384
897392
449682
396883
217957
580568
252701
624804
857977
566110
877793
296188
766609
449410
171452
368643
400724
138980
975458
378386
484042
507321
244781
334280
563127
528991
851996
863380
45915
778159
265644
931020
99598
86593
864417
723404
634971
499862
878919
430860
890057
407146
64194
685408
108080
833678
881592
141051
492211
969166
887483
633703
598076
543561
550950
104837
139568
97831
647339
595623
210459
519530
363441
79910
235189
527143
418808
62627
439474
13246
928297
937017
358527
357340
90088
177977
951477
548609
621060
414739
953705
292526
119243
83831
402827
638056
967453
629485
283779
339900
855645
862011
499625
300785
618196
985129
732456
452991
920001
385780
741840
359192
769474
647351
875010
823883
34104
436516
838685
695515
63497
135696
155771
505486
592617
62764
955248
686470
544942
800045
637583
568278
870995
826724
724817
57700
178635
510305
597230
150962
327319
868466
154290
616047
640784
211619
61654
756098
211281
119789
791911
807673
891294
786861
536704
159769
282714
132811
46997
429249
239282
375167
930732
698667
507752
143714
119353
31089
340789
895191
517985
773065
884805
254712
194228
243010
241496
906738
33819
886185
131841
373788
664614
981154
926788
254206
509715
565615
621161
583446
984821
827458
310356
730493
25155
725261
894013
190194
791507
869717
208972
898736
595414
374600
422588
950177
826954
227401
531440
984292
141799
950487
704451
164358
691799
493832
782046
309059
600688
241323
288556
680329
193983
223571
154872
761659
344988
879940
850908
78244
778654
201997
206318
476463
922821
24491
187098
289406
65767
328944
161008
799195
652368
418749
862523
802748
775136
70526
421336
562025
90877
614136
352131
743204
218742
814289
640222
200416
852234
404894
7411
826333
119918
658048
36932
56010
608281
869584
246814
219499
697810
672476
154946
468603
788608
156516
420814
379874
665520
867425
248889
372169
967984
877081
468261
182110
335039
273413
510841
221522
706994
919874
7784
861301
871021
542409
476814
372555
926877
321666
904909
179601
196654
589090
547157
39649
330885
283854
957628
574008
216770
310719
869622
203200
521213
569543
389629
807720
968870
847040
936030
60218
712721
526548
782370
468125
693974
694379
664433
923515
390660
14973
855624
332556
341444
832387
294346
347426
839362
388025
963593
388334
256347
644531
2281
6142
227561
817266
224666
464070
844522
311884
787920
40971
242215
406317
643906
173654
239704
508240
267238
840413
285027
456270