279109
810983
322536
188853
476165
727793
688947
626010
87113
848136
182017
535429
270914
266384
793096
939418
793894
382196
798427
55150
55049
554502
640236
162728
616819
944470
30267
139325
266214
188259
200865
242647
592793
330559
331669
587510
362213
292135
182257
849472
261172
786873
114591
383793
958281
564693
188274
940045
783199
822711
187943
961906
761892
350345
903954
65295
933366
446672
244116
531964
569559
985124
197335
70816
936983
337254
325680
180917
662033
587576
27722
12745
187052
892082
396225
442914
838304
269441
574747
501412
819503
850207
342061
331414
258421
195430
698869
303944
429497
307461
683599
589489
69552
564856
274320
508576
73405
302042
771706
214139
956403
538048
768997
389346
74697
879372
380143
685513
345436
677429
40679
678225
468748
351600
153150
155850
77754
937466
967301
30097
321054
391801
183747
406357
918531
307876
492801
752599
647560
505403
844214
37983
114240
210219
340699
730124
761609
475425
592460
921869
476592
324316
675183
775825
918463
250169
835227
986702
339478
59104
644075
543385
781195
844153
852102
837555
933646
402641
818403
67389
232876
591975
784812
648963
734198
375370
611252
349182
113543
500140
86732
746672
952704
528610
213020
272605
172227
286315
885550
825060
389936
376864
618516
120442
944324
314567
887429
400585
135270
279796
114980
373566
297892
428513
897127
208509
531966
882324
73752
335363
505260
859763
888528
985229
130028
270313
173824
192688
173251
653695
100357
264738
964891
384260
422425
294796
83196
568832
858051
778502
976767
325407
740288
681815
270944
373028
670781
832575
923865
497885
690214
352197
304210
320733
139735
694439
156380
89023
653638
384112
508091
980411
275302
6525
663199
38568
410495
690590
160672
16424
771044
20541
842225
128877
777251
106065
724112
418058
782528
694807
500272
118049
294630
369830
519529
13780
368276
771289
290570
372329
221729
407527
948742
466638
137588
306936
795946
125342
36537
593755
778494
83814
449059
850403
307595
528992
147656
651097
505434
128028
146836
552413
426382
204058
299395
601928
173829
730619
370555
757062
742519
287992
665350
303274
369028
409425
889548
264342
366225
658367
614666
302032
455435
829273
103051
765297
476623
674147
260487
940638
690457
946005
125288
272586
951038
221317
337237
87174
13709
440674
147993
291685
514131
922018
366985
171483
193749
723677
248250
238875
525263
766742
779383
573682
731226
849870
971763
691613
849246
790163
178451
852580
382122
925404
826925
204545
54049
138320
330845
949965
119317
575242
865158
309800
212860
601286
816604
125795
248033
94092
618527
539219
866461
834652
467133
348053
860622
317396
586776
344310
678873
534775
883389
988151
181064
796551
279646
901151
648300
33730
779315
515511
535590
636757
570770
853771
168777
566399
147373
841834
994561
48239
982394
595453
333045
422926
531936
433572
434298
798752
234951
557155
956483
125369
770379
531521
302436
779222
269444
140672
855809
251219
398881
198231
695726
167742
647679
104479
770673
853303
942197
242029
220268
80160
840073
156344
809854
158937
493640
36634
830840
439425
257913
141464
938947
585610
379837
207812
72431
965814
868446
154754
131855
492763
471507
534287
278944
291939
116345
358428
724492
262767
788657
329065
310243
685357
70162
337437
76445
136023
799327
31562
885567
848409
253284
219452
678767
205660
607292
2901
477485
489844
15206
271533
728062
433474
461490
281954
624285
198440
957526
132412
654704
683943
387146
654193
801745
955437
478343
737200
276438
477929
946768
65155
736708
722010
65447
793446
805660
800707
957091
628792
582102
456150
902374
320524
564616
358906
722956
591951
245090
443581
683373
226047
538982
456402
326590
699726
722399
920170
76506
479606
405591
858815
347221
921392
20491
842125
580907
647659
168268
366846
412678
48363
156440
894702
438573
254196
311334
790584
940718
516401
86259
144676
295903
89602
886327
114586
527966
741804
597587
142526
819087
352992
877342
482102
621651
540258
963220
173049
66679
977925
4366
622017
267998
515440
848526
819953
916378
696035
921586
242433
368591
761276
214307
671575
459918
303810
775965
590680
893371
849334
233712
932195
816320
963541
540662
771981
491908
441910
328489
126093
125494
852796
826413
847848
588655
651470
331527
487116
936593
548935
437651
427912
57975
761338
969994
333094
636658
77521
200968
691130
150352
67027
461338
121304
956659
379469
126136
180426
66133
644236
331553
505745
955065
69843
3839
357128
487388
863749
903574
381593
907919
791983
377896
176990
167412
424066
209591
201745
119811
113055
372628
253127
546881
645446
560262
366143
414837
673156
11597
380440
543352
687571
550589
894694
756141
545306
633822
264061
329108
402485
289686
618928
956787
676882
590007
131900
994967
840194
773092
766683
27390
75825
346570
346633
382618
996008
219467
34167
512545
682475
676148
384408
170925
151797
276238
643308
59787
231234
938769
700048
786524
378244
270165
1885
389423
20092
731693
585843
932232
654972
302293
33461
796036
144824
433192
292458
576305
577217
529039
473304
149297
897385
630897
823854
673065
160958
38824
124621
617017
507960
861200
882473
130175
162779
924660
125371
273297
471733
383961
924000
763547
985296
955442
568381
401762
867575
897340
512480
565974
77854
353421
430596
106615
584940
838440
189614
430519
553088
381357
608192
467808
351599
265811
877729
26869
225730
129308
931162
896661
351665
481296
485205
888253
130711
717749
249059
579347
799229
918510
888392
357943
754786
569065
66615
276978
493124
462901
443195
106442
45684
147116
157740
612895
705522
565177
437897
744204
875880
832748
84245
734740
631920
364078
971033
269176
301476
585728
70469
904088
535190
934407
907977
657330
73950
546784
997600
379148
685141
142128
313228
927880
854774
904916
942325
375542
725549
719647
957624
370348
770279
55046
446232
591236
409132
341794
971391
442414
4221
537550
681601
503721
643732
795134
30332
716665
331388
829503
460819
668191
907508
668767
205540
276271
562478
254198
674309
703051
589701
603219
498670
265329
573894
522090
568073
23523
253468
525472
237990
977491
349387
110944
898444
584553
522374
725072
798001
951766
604232
494354
740670
305764
226721
929108
293553
232910
145679
932236
398850
846058
107162
682471
179529
382541
47821
790544
586299
518396
91450
170520
990563
202616
289081
370686
996469
785665
112710
236655
459447
837163
842594
908964
593076
441805
914050
266034
990383
785998
939351
56477
20338
357901
423244
224534
210123
506454
741014
755113
635627
25574
202900
699392
530223
759039
993346
619273
393073
533811
925437
421539
785927
570425
91992
261893
255100
199805
160030
762631
864375
663217
206250
551455
707268
530001
768692
694178
524557
757376
48200
722203
832573
916385
194222
93558
260588
793193
461781
955852
856925
380450
462740
107280
715553
622138
890383
788838
280343
188479
634738
770637
140947
627495
33664
143344
758742
229529
295832
709624
895273
793500
898591
606553
463002
763223
284115
678038
153480
855862
605457