592754
933092
186815
843955
206982
631013
502908
104925
651269
269801
808382
632287
154630
458145
59120
970002
971070
762677
466185
84197
179150
422656
260843
32647
742907
696102
836940
562240
207706
195506
583715
993813
963500
879625
239681
717402
403782
23054
604790
473656
313272
744523
797795
677556
243797
9301
604982
855396
415660
951085
67461
708434
743474
16134
581924
382145
667304
166292
414895
30292
394053
413959
392524
93171
692889
147765
724322
969352
639209
551637
85106
153724
377601
108951
478635
322023
991147
896610
812653
346501
371109
726731
812802
725828
779961
648608
545072
598785
674137
385771
919999
772987
313735
816672
708283
906105
312990
746943
479461
601437
364983
83344
885146
634829
125515
970937
822831
730466
902440
834544
145584
31872
694940
532394
163448
304919
568829
339387
468179
864008
487934
592250
306756
396635
337240
226668
187204
570283
20119
819114
827238
354565
886175
105828
316498
642448
459778
406968
458958
497199
761398
776133
778546
16883
785757
876223
505986
483230
697460
244752
859823
965438
167526
140416
238119
522935
913414
752223
373330
360313
370543
783
387218
968168
633372
824868
760970
227716
727928
447651
18613
205361
136677
46886
491279
203493
943734
717117
663037
553028
614453
561354
455555
175087
950449
181431
686889
891696
280487
259149
990368
846096
320026
342001
632279
519797
369659
145250
567273
377807
169486
280072
731477
87903
587515
985462
153522
491148
662173
609021
794967
768458
893205
783212
588557
348975
441290
864462
813017
338121
138156
677661
756966
220548
669873
520383
645192
307038
892919
868247
287913
778451
714084
542841
812180
696462
830375
492887
349824
216070
442118
335049
773032
832792
657132
606119
378470
887112
144928
814887
565108
689829
740355
644179
186052
264447
886494
377681
96770
351239
565775
372285
999528
607885
449139
404931
223073
906242
229074
821041
57331
735168
998256
428224
710041
948636
203691
901149
698165
341667
884671
668400
767588
794115
677230
544137
781825
70858
690179
344862
863443
485167
831399
275465
422976
547945
166288
673930
421079
602210
606962
820948
242713
103706
332769
250131
156217
124369
326288
872329
415088
24188
823066
339940
322505
221702
573574
475560
341226
863273
16083
988929
283067
73333
612032
383746
419002
990816
871022
728298
88226
685492
539535
951399
645354
245453
132518
271100
35000
273947
331877
92339
967937
56991
167465
327241
320647
670800
147692
137250
35146
407952
783429
160622
666018
498650
199664
546421
798905
100490
683243
40530
941536
375082
704277
492107
837351
680728
215568
786550
554747
11184
226481
356915
373235
279163
227090
267297
962990
259492
654215
433301
582160
586701
564037
431615
439764
529426
768957
346303
687155
270302
180010
762668
99672
878476
134266
978070
733434
506406
841839
543093
561193
133874
671421
221256
437106
248730
819905
804051
26606
306147
646662
786614
866419
784156
175156
752014
523008
138599
136280
584483
386593
379391
415636
533649
583039
928810
815499
55270
727048
640425
752037
287633
885124
863964
603442
331871
762171
484472
750494
528685
379115
621871
814063
998216
833123
919367
551660
379700
986179
620137
28175
228316
244053
529614
203441
61316
470531
862336
34180
953611
115975
749495
445753
925717
354118
598126
183147
973888
330243
159936
908816
492002
116637
570162
779336
885621
911572
271569
479269
180823
42023
78132
589737
187040
866883
453280
210245
319053
282279
501497
867696
652852
799
250173
846269
827680
44824
842589
992233
151582
401767
323624
594276
579722
84951
386725
468952
543975
972512
159343
901847
940217
205228
394825
975818
203750
340872
564372
4926
4691
159213
487482
431869
690210
870199
727039
242234
353961
598347
815861
789217
186751
247758
320145
274749
845214
115388
654625
86247
675177
297978
443721
613567
224239
893304
572021
910762
130384
32022
856191
887805
247574
819472
345082
529292
228379
214113
669666
774462
503614
186907
466177
64363
358591
84213
851399
367720
485382
674599
448877
919473
961883
471114
673388
192484
242727
196498
958732
481348
650666
312729
705579
771581
961757
131722
4675
493221
112260
683288
217525
78436
337321
995713
66544
743478
310900
769188
972114
181629
642627
956842
581719
612811
220553
345917
758680
318052
165387
941149
740254
879311
582177
519974
128649
733296
536576
213110
330776
977754
775481
75057
226816
834975
821538
242642
602173
892024
180395
773802
487824
854050
869273
810388
848355
657300
107130
477223
770171
700598
559684
896532
243133
684993
651780
424553
428859
398506
426590
26908
842764
485043
932146
531122
678654
780029
227382
713655
90879
299636
444533
172005
562551
381431
559594
36513
595598
650813
414193
953029
159132
286325
33036
58127
217533
386419
150328
998297
716165
270006
462386
111430
300149
342366
323407
615276
964357
747567
718862
955196
457493
411698
75681
548096
230991
843628
479635
816492
286020
210371
905324
824868
516011
368052
441384
320682
277732
274808
155996
451736
129946
106332
26251
761038
386583
242028
681802
484503
129417
559955
973010
204716
535275
466671
914694
483090
629703
463499
219753
404712
569968
397553
847372
975642
431139
207796
588746
324351
967117
547883
357150
696894
601496
312346
996613
20572
469198
277510
253113
353936
794101
801296
950222
594515
107418
137045
230705
828303
469418
775731
196677
486132
5911
637082
784055
449237
579074
328322
371209
315193
646781
518759
181681
821271
641291
212893
269090
413906
176491
943474
379589
209768
648794
404864
22328
608634
153765
419192
269038
489166
392316
300603
114761
778446
124375
797999
514288
651422
290486
871678
335126
987835
311659
840895
270471
470141
680731
137087
713999
601060
770127
740476
58338
164176
778559
403840
550118
88876
263548
291699
327532
419159
923859
367310
523689
927639
494366
801282
866160
398619
479382
155958
258082
563779
515142
908033
233094
853789
133504
846078
956287
173246
656252
24195
266091
849308
402781
855893
345651
366666
600206
390958
495746
726246
381271
345108
730658
991791
689161
151199
89275
821297
481337
614828
601233
996142
552860
679400
923897
230262
335237
28914
139595
326460
449117
354719
657851
400883
706848
179314
782771
734712
538274
497752
470371
91381
209225
717489
911564
408567
890890
797199
303933
492161
813592
6386
201388
307111
55329
239646
28793
526812
256869
624729
411062
412064
516593
926221
268063
887479
263317
331364
398017
885510
229900
332023
695365
635303
114219
978660
653724
563026
80426
274391
764805
961436
919991
524690
302135
576896
467274
943225
388137
395613
518141
612698
934651
448859
976096
282446
188525
555326
208163
551982
713234
966395
192775
714236
298453
149271
251764
120819
492197
242760
825712
911092
481922
623030
333369
205825
827352
896574
58626
422638
206060
421928
815109
169921
289381
435690
640292
170838
242613
416616
556454
499216
374075
721147
370709
940596
412441
244224
113611
384483
477477
599456
487309
361166
862561
916232
153946
398073
627807
518821
56203
678157
109482
312625
240637