589989
501542
665136
916941
827050
571051
878299
498234
580253
79775
945611
488959
409780
544690
795650
421375
864029
379131
699395
127687
497250
604611
665213
686995
606623
400375
856821
256215
866159
99575
622817
804858
345335
461719
703222
757094
327250
994538
135563
914147
616518
305859
794562
796527
285233
520656
869277
258001
381641
938825
566607
330739
114962
997952
266829
151395
426006
533734
709626
357454
533016
600294
586242
989755
655320
763421
807449
769336
843784
69477
46008
891566
590934
434777
972316
716712
565085
387964
982188
776767
676833
429125
478083
164291
28358
931726
830415
951947
750
262940
995742
224848
854613
392798
264281
226799
503497
813220
547632
78799
618164
791976
124428
857013
872422
590613
736622
809819
979921
161024
311239
84618
546520
239458
539888
5618
746859
141382
531738
145101
395939
349275
270531
611481
282155
827797
254306
966696
678352
572727
110882
211816
507557
182109
340476
82265
286617
712088
989351
12834
512335
516539
328864
658387
748284
681349
212140
869979
624520
585891
617186
173274
496844
842113
942501
989632
56274
240990
904716
821819
310548
412889
375627
143440
840709
780850
247607
499991
606760
859714
793557
902131
325018
20282
167159
200060
428808
982953
431749
15996
242045
953320
816125
834019
192475
268240
651092
783137
668938
445634
406378
768883
829488
885984
881054
982725
585688
59339
331736
701596
385152
261101
12719
493139
322869
752851
836694
473751
772866
251115
666010
910167
494653
56595
451865
891102
695990
859704
501811
799836
257892
108903
582092
729387
235682
499722
843159
885148
172856
212828
735646
754415
880046
825258
952856
961345
369465
239084
813024
567980
616513
513439
934556
693351
405207
118088
410064
884953
297333
356844
384574
222459
199450
574615
347293
987529
827104
139362
14374
514010
652146
842616
514770
395963
534634
462766
842361
63862
730616
776535
642400
1923
579681
712423
153097
705099
88055
899441
798759
727856
259600
342978
72146
522766
341829
988596
605020
166414
950780
207453
128389
586641
131128
352888
547073
450028
225609
369009
156440
477000
484041
648892
213601
694321
654961
180467
465265
41536
712096
980157
739667
564285
870969
809444
446139
726368
535210
102088
87925
799726
378965
874383
374033
159530
10677
11658
348197
281743
529689
540587
494367
393664
974911
774031
929416
589906
777922
295200
318250
402878
850586
889569
506595
765207
647299
292108
874717
556297
978365
460913
768643
989237
844337
971427
492238
699927
827422
697787
101547
5738
254796
348771
337803
574488
838760
827236
112682
849647
110485
653790
149065
411910
705434
81336
942813
358169
427209
96994
166742
397054
986115
485153
525460
175808
554409
539032
67740
151619
969177
11740
625716
868454
205754
182286
839438
423756
302871
689644
143154
948241
895929
985061
380670
418095
94719
303947
33504
683728
489283
490303
215081
476388
940909
223112
566831
263960
770680
697980
384141
953333
699756
919387
424648
451854
411832
562624
968929
431887
156091
391553
617713
248707
657856
637619
562642
522303
15934
464536
902945
254633
685773
185225
595732
319222
235113
140098
299269
881644
538295
630601
505771
209960
103020
606767
960195
456640
443918
121357
365221
242594
322471
176209
321709
27627
349386
720970
164905
681763
253120
81754
487286
573241
692644
102613
494868
893848
657267
338890
112456
847699
532004
361203
459401
20096
269622
209195
689462
466414
23884
43589
813876
37396
657611
593019
126633
259805
548738
380489
376655
306047
564649
598469
568326
116771
121194
739614
621599
146339
886673
225344
273711
174279
224985
728197
619694
83673
957882
183431
489977
889415
126597
319510
540525
689972
650852
610825
135786
374068
973337
292278
208161
349697
597286
962935
526943
406968
149650
16701
657629
769018
75403
975036
277035
234173
54120
68543
982998
727295
832670
633119
582448
774204
390680
296130
848580
158154
35374
711212
963553
235824
606998
224790
384355
563867
836480
35582
2512
92701
871220
464532
670537
19662
421995
209059
364867
269002
882311
292592
281002
403439
18068
715423
258215
213942
588023
868112
262440
830115
529945
263035
821001
488715
737076
239926
291296
709610
663494
901115
592003
185758
525708
696931
731958
975137
729965
15644
97079
445114
203142
293903
808957
234250
312163
823799
923303
76569
295777
182764
747243
807274
312639
803182
713310
376397
308187
880386
902757
914472
902057
617089
757981
164893
610515
216840
300502
489732
864849
655879
986033
23050
784329
759470
995414
117748
619642
887748
252621
410036
285803
481084
916974
848935
904353
152322
7090
812647
209473
677332
778775
347310
457123
439487
45461
464415
13316
737127
365603
522597
909829
8892
460782
324468
328591
435731
523884
136678
908048
264237
644086
550704
455806
742219
944848
982716
504057
117713
425576
509981
420673
809690
596868
914415
674105
608833
953547
779190
618329
531837
276133
804466
642843
782485
319839
595779
660306
573905
835622
911871
464520
869520
759888
437731
246880
899770
481094
753197
380329
235385
919979
302829
104040
611100
127636
474829
350017
848299
335684
996884
122267
626343
664829
619766
755183
393354
715803
547732
553357
404219
248031
746792
908388
695650
929322
595761
880644
258867
501290
986457
838632
193541
710390
550018
322457
663260
415245
232854
552125
304826
628480
730709
664979
706468
277817
408011
7550
580516
443315
565515
129492
698806
448189
388446
674794
751675
192794
859051
359965
132417
711896
727514
208371
110566
795407
354576
803186
255075
680761
37990
524754
895640
639160
83993
818309
336256
527931
309817
730728
413559
296675
428950
914874
890478
108157
304183
337967
595972
634918
286718
780314
988894
206015
255689
650245
503228
564183
193011
786127
746639
820957
941930
452816
826897
640857
910622
943563
72160
944811
508081
523750
951006
408679
393788
538274
579675
36118
822997
665777
492023
80548
333288
496941
864738
893191
938982
106819
340169
252237
910902
548368
555083
159775
87860
308276
371539
464448
863312
495736
10490
254100
558011
263709
31591
999653
485246
68399
241984
116737
406227
941988
788477
832270
830194
759300
228395
136081
595335
806381
289682
871363
936795
584171
769866
798762
303285
495459
98424
799762
812304
918399
840435
476734
899537
197256
604635
398202
169751
817170
764453
605879
928352
25111
786522
876262
952429
177925
805970
962429
543967
142979
424141
235484
584382
8197
772609
90787
834812
716386
163207
706818
863664
348257
303008
105
258601
900659
822553
77875
631938
456961
454872
132579
600918
375232
36041
770411
579248
17686
843174
858249
190593
280423
551
456855
587613
563579
348978
604031
24359
641396
129886
434609
467201
569745
620822
51444
101628
5057
466012
751070
385839
125100
336327
325202
956630
773630
198292
417955
336249
745801
261048
954555
524676
706627
145246
55587
996982
145165
462117
715678
724280
137549
491360
950167
755703
727676
249860
111711
941741
544553
356224
509684
941905
713449
113553
166499
35762
759572
650169
361886
635421