805670
645389
479547
610921
474648
448509
318719
811757
562678
638225
828736
910460
994049
809967
587390
290863
690666
985467
600227
438175
491371
853066
662536
982630
297179
485587
205237
539799
117338
640159
270682
45639
482352
113661
46597
652992
558863
499008
209096
246843
266865
884852
714700
166016
98648
262499
291337
373623
72936
561623
749350
260278
870953
191659
945934
921706
492663
160012
59780
582164
446869
38554
675395
259852
65381
614448
276567
301569
348551
745099
989060
867910
939549
975616
88038
704467
561763
882855
742099
597029
606977
412457
392000
944222
472052
7865
264769
23094
268468
31576
867670
123925
64791
272058
343801
707910
347468
650484
832199
276006