123714
577167
559726
108238
214942
326368
791488
526569
35974
910091
511904
882054
928221
432790
55354
912522
111121
336131
855275
694076
714043
672615
588631
791577
154586
771069
567053
797583
192809
785133
777962
352678
505547
566883
118539
423690
9345
657623
772845
971367
730445
318175
327606
240975
54779
402053
555668
88358
318877
811650
37729
831622
733484
27078
671987
464677
903074
293162
336035
818893
55169
492818
465738
618625
101290
658240
235153
978463
961501
198057
548843
100768
484646
502348
540943
428449
456624
951727
954362
965650
327840
735445
96841
103244
718300
153137
30595
616683
393386
233246
940244
851357
867246
757576
928000
699737
106780
900182
479144
852433
816888
116966
370237
792941
360141
998827
132999
514526
325719
463594
649646
981114
19426
777422
961498
980052
632324
1701
669449
504591
132254
316963
608477
754789
957530
429667
951236
527973
625328
109774
882799
655459
140327
70898
389264
826548
703961
576437
367750
884475
147808
740942
143925
343146
813725
57076
664702
769008
98842
865517
377032
193638
470314
761263
793613
635136
184222
77017
90111
48569
910141
432735
295521
686273
630045
670331
844849
619216
984137
260895
590487
239337
458075
536772
683496
937272
482483
528061
732418
799566
435652
366110
761468
206162
702908
508919
342904
599938
224622
288699
88311
213017
139204
346929
853359
168567
85551
201795
837602
792481
267109
81689
526004
806163
125640
949608
737010
616830
795550
948059
426117
534020
114730
554511
539664
589831
690327
189750
917503
813353
611754
603171
731304
681583
598946
154450
442544
524830
759913
702230
967147
391283
880068
586270
219442
531583
196065
82050
452726
324286
384622
187549
610648
807311
898790
826547
682583
595520
509556
51278
631436
537206
148928
87870
413706
750921
422006
806661
282773
795417
426378
35798
215573
287044
112980
447562
858803
802485
636014
577504
357183
656092
157512
741113
19502
723742
121240
837014
79957
807806
427108
122134
565567
59236
213431
601642
609337
207241
973213
127855
756914
846432
730372
469898
461490
144439
653001
533351
251909
322259
502331
151088
111108
357334
377980
720362
263391
908909
416413
565160
672335
130778
568504
880685
265167
45423
463608
197457
706124
570759
457258
604865
147229
617519
51962
594680
311652
812553
311682
228084
814921
495051
552496
146095
491683
255032
190354
54810
599686
663351
289765
347594
982295
115669
822415
121266
697653
248038
145061
12457
703501
933041
542038
46484
626049
948763
702773
339623
415328
951923
819247
664029
513924
207407
831212
970167
955581
100962
745166
313474
771629
49509
759278
431901
866921
873924
318673
861352
629500
996776
164630
566456
416429
487774
202204
971081
947471
4212
985920
910643
148915
446850
451482
495261
312101
336583
643242
491803
97192
760599
67955
271213
387841
891637
168906
776847
880625
343184
429184
80132
496146
468544
607766
594567
181011
792277
959453
588734
433995
9656
366262
808284
518548
505016
564933
891292
701488
312569
702374
3293
504407
142494
623935
149416
55801
95779
395961
778245
101808
419488
146994
913785
347713
308385
407160
700768
454524
76139
955652
639748
615082
492715
792189
724606
983731
73243
423755
697534
257320
558560
170249
252759
719012
87803
562667
343816
231670
503898
281605
133338
486857
323374
527129
504496
460602
256105
394410
838466
216549
178207
403829
518121
348882
694285
745335
307284
879849
238164
184778
928243
260420
451861
246558
128325
691809
740238
703578
103618
355954
262372
300371
932138
250452
233306
390593
387269
597944
500111
728068
51966
437780
533653
134081
193527
206336
320135
793163
938679
49588
310491
198970
719562
382941
722493
681798
299292
532554
267256
586911
411223
851525
443989
534680
415178
834261
668680
871168
276489
553706
322222
573846
619869
908901
114197
790608
757284
475108
244335
637614
999966
42947
799554
844871
100333
736180
872687
460808
766401
203986
790208
320026
564838
64738
15935
967721
523748
676158
896808
665064
435475
678363
452222
64275
403633
795340
143875
725910
693132
73522
889007
215400
207299
201342
738407
127722
434785
921750
805908
938904
847034
36876
110223
695195
25620
4321
290470
917657
325992
627592
699980
263079
653808
831403
215871
54683
845738
163617
871429
471606
366846
423059
917638
742051
26177
422861
375827
215312
607731
791668
65095
962850
351815
438382
187432
998875
244951
422829
687414
658208
727727
671951
561073
154672
517032
280863
418262
564248
323809
859304
841153
260624
689655
248747
194856
271744
500607
768803
567505
683985
762408
310562
826399
429784
192884
957098
149976
685920
260790
226549
922864
537751
155769
527220
504467
457483
821472
822038
757939
671263
856838
723275
950462
485084
596722
364464
107434
516039
47197
912982
60441
393951
986300
44476
69639
53139
439982
133660
627702
139309
170912
952017
305865
269553
209393
115133
327328
669690
583017
2703
792317
940056
819279
115172
245810
665636
681319
451354
115993
949918
895259
202527
857190
63587
294079
155826
535474
614330
492420
625744
828067
818398
916462
818790
58698
101546
558382
721729
385287
852302
524587
129288
787273
718503
108337
261822
69760
15589
894721
470582
65704
611783
799916
228039
772541
447082
701108
452462
666276
152462
663774
212834
980892
675415
747727
672457
313647
309098
832072
481616
767289
481684
638368
909587
796012
343861
607570
19319
941405
115538
278194
108670
169208
162953
783923
926713
912588
194578
719831
548649
661825
568794
620089
357770
549816
257104
84353
13700
951407
216953
930145
362770
778192
867973
842259
860390
368412
946265
81346
121581
7664
662920
808303
282988
599293
207228
664242
630142
252735
173894
395077
614275
684587
234701
928044
237455
193208
90373
869115
412590
232235
989924
141074
61029
227968
900070
343549
185180
815862
168609
992406
939157
134437
978960
273848
772668
781438
451133
76652
575452
338612
551954
896440
646416
265603
788315
92574
770228
818433
956461
609177
365758
938982
795137
724950
243263
290136
379280
820986
374641
251931
711419
52521
608410
681784
822394
958438
569942
453644
385733
597523
726285
973206
671141
823541
670361
633893
572943
504027
957038
203799
153188
23528
273131
674872
336473
326577
765119
292933
463671
115929
912080
797089
304362
419904
804856
793331
614131
907312
468919
783743
709509
965948
32376
702510
625059
218425
888904
21904
633240
17937
224995
590378
485068
345385
217763
369980
526838
159303
690409
492880
349274
993624
320834
669620
437098
729244
109415
940841
339870
625954
44235
965641
188389
219539
123219
279055
320881
550953
111412
600299
305196
87361
18521
503306
587269
105301
701258
183324
343930
33127
89334
284004
286836
323355
571089
500317
700892
800616
72315
185348
644825
118543
159800
766579
771222
407205
123388
234121
83272
187703
705674
228901
246741
452436
503901
916849
634715
780905
718528
668830
624617
608740
859293
526272
787153
993665
255033
498087
32409
814997
73022
509080
214032
850189
970008
284638
274331
743847
973075
984965