620436
849974
471002
397833
23501
194164
124199
14484
648307
5545
438560
452142
614041
183268
149749
909275
287580
654120
11535
489354
372420
737829
613337
432500
843291
15725
247615
192695
606179
649485
604026
191762
783842
794553
421126
51472
421054
281251
302780
241080
693825
709564
348971
291801
752737
230983
158113
24751
714946
583676
821913
978080
959950
597589
881880
552731
267261
196579
643409
801444
523779
722688
449189
185236
715575
379452
113144
572037
192482
390199
710899
645030
406381
870239
341260
766421
969859
796801
301806
917648
456060
993230
454360
441442
682370
934180
166135
23795
238227
855690
638646
899825
110956
127939
96675
96847
834973
267544
472409
626555
626576
107975
935838
942293
996535
296962
873133
639585
772813
845970
8556
240378
986697
629115
292258
740776
589273
875681
501659
90902
763848
788055
897365
181099
918117
444166
833815
220451
768247
35956
110921
154182
32700
477687
644470
121575
453602
902070
569710
135661
952247
936842
139997
230782
348962
264388
75986
986437
751232
151070
602620
12544
644523
801500
310753
977966
286399
492959
8744
536903
545325
870344
234711
523431
459746
988051
932828
549347
922904
190636
44606
441062
855004
472673
736513
333559
842084
516456
536652
709582
958825
249667
675976
808980
861562
221206
998930
78614
578561
376857
188229
394009
350875
559238
208047
118102
698835
662561
841967
68730
212956
293348
312177
4856
410774
25940
130229
138611
495496
762229
741099
935169
181966
992683
929001
729855
936982
111571
839798
547245
894500
742971
188889
823319
131531
285096
222682
164593
430412
182187
1723
223362
311886
573036
335842
194261
342964
827025
71291
54647
926123
985018
523144
387724
724028
26395
475249
783014
674659
560276
64151
755355
989803
257232
252224
946920
550435
491086
656220
5757
981111
42951
518997
61638
452074
384318
509175
120202
63372
992201
765764
678527
186765
257025
473360
457314
50022
596007
237308
342533
864874
663607
115068
248531
228790
366509
129256
93898
602201
898089
452020
316377
9166
578441
470910
723923
884897
158907
573985
984621
859027
745022
644466
963426
533269
575846
179109
594760
985161
547404
994514
582223
942752
225560
887341
682937
452337
6211
105816
506815
742549
618495
530559
862937
629756
818296
678219
154857
261702
754529
384710
547499
321941
24949
526335
599948
88403
545042
115821
300889
869322
497317
281517
113315
655079
73506
821152
324606
979264
952349
510461
445357
153241
734848
238102
730425
236407
260478
308029
552739
969717
144933
237125
237987
874451
862834
405158
555544
539742
582622
636152
364670
340487
218953
489153
852103
811477
23995
943927
447153
736800
479616
930874
534808
844883
749301
59381
827926
107975
405284
67495
569129
595117
711534
582950
511622
157609
433853
272525
384823
167806
143857
495281
592039
672388
367068
103271
249130
583308
605060
614741
312698
249897
935970
39256
761579
257741
29064
80336
162285
425499
172225
341506
95385
844202
191127
983757
834021
616604
930901
351878
608815
453962
97948
449941
919067
596187
152011
844653
157524
552629
962688
183756
381952
965587
114560
581823
581906
812664
294722
969238
734965
236717
222870
555861
491547
560486
747902
806102
813768
623712
17213
850064
721921
888863
572135
700784
266542
674353
831197
539735
689818
703281
548538
779839
214605
478606
931720
820961
310394
854524
829429
521698
557434
796105
463943
669585
531006
3220
302330
389821
517478
606611
836021
557
789859
892978
670011
247047
176242