874546
114239
378495
928482
252864
303988
659882
359714
706324
776090
435872
562824
520345
577588
520684
54717
241685
87875
53456
773382
552390
935223
292892
885710
825294
140748
924423
452404
30965
876074
999721
733492
211257
43371
779830
711623
70867
19413
854993
527072
13004
64170
269375
331330
913084
423629
411936
644917
271629
826340
466876
916193
269573
695190
628938
953974
966711
828570
107407
889057
213637
469796
814946
43611
951809
528825
573197
335149
336105
745653
505806
964837
780227
277832
977371
207923
648632
148271
314778
876497
544453
947237
288429
622648
326387
641841
294674
579884
627281
572298
977006
50826
634214
407010
690645
457956
552440
804222
514194
780883