31351
437560
285324
157403
612707
268577
37602
619026
383329
295575
371095
305083
38620
61035
274953
748231
358033
177321
272195
933235
379527
232884
323325
45367
35110
948200
891963
261305
961508
660687
997395
694923
886949
7349
528968
798810
878685
213971
310797
148763
79946
533047
601807
897841
988201
374138
114812
632459
673404
565003
235737
955711
833760
192457
519277
555736
888637
692507
101086
633635
542974
894228
985697
291764
658445
872090
330663
813611
551993
253360
146075
252825
865283
556326
287353
342253
541114
651905
51313
946594
963558
538359
747145
1696
188954
694961
745949
443007
627497
679199
339174
612027
779913
95912
869392
562788
359915
581188
404020
87896
113529
517661
30514
927294
312170
70119
765881
699068
550184
772279
391637
145801
105148
531226
117142
75171
760584
631647
384852
936454
912680
711250
215938
89112
834893
707461
529743
883223
486102
95246
274771
105403
26575
391195
444475
654351
299665
974872
458495
861279
141312
803280
874482
790210
443034
49380
611933
898073
975267
932598
394109
399388
824294
923574
881280
895492
528228
625063
627755
968114
288417
629409
397695
67033
991918
258788
12311
402598
9296
305101
309478
388374
761880
725575
834949
570387
849114
105912
298857
781207
569352
137727
811190
41430
872772
552866
809126
636354
375225
318318
123079
46690
923822
418951
670240
294800
981398
44268
446259
339209
523597
688743
688429
492643
35717
720746
981539
175039
454345
307523
624040
623732
746893
883313
640295
95483
665180
911653
206923
506010
743260
482527
93514
681157
672971
347590
827801
58994
789639
335869
985582
439667
725303
463788
468294
738807
246349
11099
323041
846187
225295
564128
388678
344595
618610
120554
918186
74700
413378
516854
938996
967093
537452
161509
210001
196979
735743
305463
36613
964988
488475
588199
306335
125767
270826
522745
572278
567517
812253
946126
354393
137766
879162
689977
833468
964464
899308
36230
811808
582182
697533
258009
765622
210057
738620
140351
249451
400105
876527
7390
580730
977616
945869
850175
505906
227347
98212
608300
40246
683193
557292
185299
927797
333495
981044
859011
184910
287003
79600
144052
173467
749475
633665
716739
750715
382662
379368
751955
100611
784023
302964
573953
296744
878912
714376
677214
279181
55524
747660
593800
313655
872271
548683
278942
356167
777235
415011
258044
422629
999719
144130
241766
411781
28420
523589
536099
765929
771336
394194
316020
873484
538745
120242
850897
22493
302851
492306
336340
165243
909532
503394
804198
944222
558148
592204
825554
850628
99608
149054
467644
703703
404458
280355
319715
318577
520883
210199
966155
754317
822106
281796
714686
888813
64051
32689
472356
803785
381626
382428
868903
627441
370102
813426
129633
397574
130924
788157
631676
196575
895662
646508
360049
816111
666569
18292
828634
697921
371543
302466
640464
329079
612245
976700
518786
886259
528005
38083
749590
647550
631691
727725
519921
259815
36037
557857
939359
982481
693716
776575
420869
548838
47828
167726
936516
662552
509635
935350
758503
127415
147111
678388
633501
773337
536324
389363
284009
401462
337737
587789
531596
103809
389773
226272
415996
280193
839052
333040
913614
804829
552604
309139
455408
203977
458540
334233
559784
986563
32306
773349
619425
695737
121663
998251
577274
858999
911371
708663
680127
853222
750272
201979
939729
218728
485609
584690
20739
130123
425647
334123
459019
324846
709353
375765
675274
903081
243140
380044
143633
764531
889698
987435
491245
313383
654913
511536
510481
714885
169765
895623
194084
781381
449461
654376
944591
910421
148569
377544
939872
614507
1566
674011
48685
684471
898959
162144
246850
356913
815177
861317
596910
165218
721336
93909
230615
511159
37015
973919
190659
822112
470591
979296
519888
463246
573357
498082
731421
862379
603526
517543
60377
193894
700327
44779
38963
839456
956060
645606
987772
925185
954482
200016
78805
482594
392228
22019
357841
62558
403599
388041
233446
289422
618793
182969
585005
745993
839491
220939
172396
684342
590356
408691
761673
936887
851093
974217
218886
19406
444667
277603
815053
46445
522456
63792
101156
324794
346936
239201
175340
577884
438710
514988
736581
316723
187242
322150
773623
464606
364986
220797
460995
294532
685735
866195
857496
394041
113171
978895
107456
239814
484298
368124
709907
467764
886861
577238
54350
326537
239216
625886
68192
75372
94578
742026
699609
456986
390191
960364
118032
989827
818371
158758
98593
77813
937178
724162
728908
821565
660144
455802
270924
657749
546543
369798
432840
536597
697091
821029
16776
822283
579906
49999
200971
501796
758862
293225
151147
510950
862083
610052
993793
714212
218197
398003
528500
58026
893200
924749
585794
394287
456865
38510
660700
786647
851870
141144
938106
994945
145640
158963
504950
17637
797769
621312
456367
909985
934622
728495
978233
399357
985673
95771
694303
638092
670314
186312
425206
597671
988126
228575
347240
54726
3053
662316
890725
513159
755137
257924
821168
332237
888494
256343
762596
74086
522740
934957
613741
276260
952230
690814
251602
418219
92628
302226
685814
709200
908011
983069
552247
343296
892304
157349
714055
30988
446543
898524
575561
332722
654181
177594
887550
336777
863273
946254
316955
701214
650774
50071
332499
946815
848012
682433
640463
901396
479892
596983
430178
655685
860887
31749
426345
30628
488416
625181
269784
864423
533609
791784
680666
108216
579522
542021
563432
480219
97278
18558
572431
278457
298689
379586
655844
824821
584772
136994
471094
14166
39185
22662
539542
775432
647294
715561
572898
543658
649922
282279
107888
610933
101532
605374
557081
872043
582479
907511
713097
388701
689755
856385
236791
200780
570233
654348
858155
480950
491720
282766
861799
963735
22957
608465
512327
657405
825205
780592
513912
344734
993765
648260
169834
774432
216814
547913
376620
486800
35175
333924
800355
987181
647874
451620
563080
8325
922386
473966
762049
828968
982235
294523
549983
102193
760379
596315
649151
989992
252158
657849
890941
530141
454840
92388
773753
751686
7852
390563
124780
595975
97328
538257
465104
921014
163812
573123
890663
185131
228145
429520
778134
451403
551074
985975
259060
923855
449566
472268
256703
411917
25849
496792
189427
282554
364218
712635
458376
351538
765545
388748
453165
580289
940432
861611
4437
325254
864333
611644
5643
806388
272309
244194
184682
403878
552653
127471
322803
126299
180886
944412
160073
651536
765757
74458
256859
537628
648493
14197
166501
553930
876071
343686
844830
36492
822508
694498
182396
707459
604558
338440
629603
233298
766621
570107
831714
35070
76923
261353
894851
922040
72038
439212
406885
378299
881429
528212
139549
744084
975004
387014
708552
781507
520820
680875
257468
371769
45239
43904
362077
555775
404759
740977
493833
330839
849343
13914
171442
909228
145124
681005
375539
11777
174322
88260
973351
522351
164993
107241
865845
321954
684592
378914
505737
512403
799448