823589
561831
886863
203160
719671
824496
122191
698743
659340
334387
182022
747664
643230
855691
29357
531569
452849
921811
574150
291343
846109
138442
681993
857850
871798
393407
400447
735106
299109
989385
919149
251334
657986
218547
476754
256674
8297
956885
831949
716428
45010
872960
844326
632416
894567
542422
610094
76597
30609
361339
178098
532182
969455
69006
784141
520276
656086
434463
331550
959423
499626
984213
286597
412031
387492
170855
564513
509640
492175
826047
559934
792615
11055
353128
805378
826450
608884
130942
83024
67207
69028
642274
796479
59859
436993
982583
705984
207903
28654
52595
575298
236689
346356
298534
651609
46506
16783
906023
176087
251971
756207
381271
180236
252945
191133
844130
556151
405243
631021
824687
128892
830543
16699
994874
386608
804561
845004
125051
774548
822726
249904
425441
757749
681328
275621
657236
44146
558264
332381
259479
463853
93267
525439
375544
529255
102812
317760
270660
683368
232784
615890
240116
867622
269836
922870
60001
579824
484574
628655
668245
613402
124045
501309
456393
440627
619424
670955
453892
96944
235672
407055
609113
262278
993498
980407
181709
398345
179579
716660
279074
988105
608628
122082
548647
79386
384729
134501
498387
372086
781549
332673
710883
565089
218390
333356
822760
34641
141758
185851
380109
77836
433238
385865
764029
860055
217847
319310
70801
323883
38802
635386
304603
212646
211784
535179
879420
611475
734140
186230
650034
642737
862155
881206
359294
987134
431179
441135
714145
698746
92372
353381
940712
966667
532245
13466
525314
506724
131956
626688
859412
842472
346992
54264
676836
549456
478185
819721
937574
793812
970292
545335
501004
355892
333730
607352
576464
932746
259867
785775
607125
435806
370474
647932
433473
77618
813290
11130
841281
680295
478057
911560
506197
244930
844194
109052
997491
951330
630561
758710
828308
681370
271285
192505
718506
267046
682784
210503
822498
517763
194631
688107
732642
161577
805179
132884
803341
368152
30453
562440
587243
764872
195460
93321
948492
618998
937924
224802
43640
534858
69325
778231
636868
933378
259837
2305
49710
908306
330824
482007
516274
542406
925266
681571
990301
742407
926057
403660
858204
532557
23429
949476
983424
336893
264576
579091
823463
974756
893142
830112
94574
840988
185168
171864
554850
897307
693595
167257
815499
924524
408259
148082
103541
471210
789163
499996
359961
243255
95637
625147
670609
284972
892679
140695
931409
605383
603339
912415
299406
892706
371152
928999
611484
648961
380361
143934
55381
429214
722913
309497
751595
788644
420986
549606
465585
818050
513671
200455
767725
106145
105348
920743
905567
519923
795498
296850
216752
971910
99867
556732
612204
919186
89881
165467
557776
72417
195633
140861
247771
696864
404966
102475
582680
603748
992692
885388
692695
233556
570568
474024
449598
87265
578909
826938
671950
474147
305848
454612
233893
497176
709843
430578
490625
591201
575919
149580
866607
477079
130100
715214
533563
817142
884008
763412
235128
436762
774482
125609
952345
516186
597966
628397
343919
826
224790
246498
230770
101626
954183
601411
232481
343764
208487
871725
665944
369776
444972
484918
761033
25990
517706
883428
8081
280779
255424
639089
96379
540100
834933
445925
898597
292258
102251
8276
208008
296627
528446
970583
472617
443198
242753
287867
636411
324684
428238
142928
909077
460846
711034
325397
777060
441052
535385
286831
830103
894824
683339
867650
453198
956431
400247