545318
4926
263310
467263
122910
502367
845268
898485
991372
527108
398937
195412
295132
356778
90961
36533
628852
84150
855022
266696
367221
144938
342603
205767
638865
866297
590490
542161
235593
380789
564042
610335
85004
281243
256799
308986
811891
734950
457064
1087
481220
986462
116657
68707
729139
71150
578494
557228
830730
219394
862719
696870
374486
437659
367512
135816
92889
140910
562276
375134
758204
976574
823465
346146
477904
927183
1287
482329
351426
23167
505503
40775
130120
245310
735998
739205
252636
81333
433529
629120
224250
321716
506474
295972
697073
943379
177201
21438
696510
47847
279510
516905
73816
646848
710110
652512
856484
605987
475831
168022
760325
216436
83337
626064
53608
51347
265244
906161
920306
922059
495026
626752
73891
702448
217897
52826
90406
128608
230751
190493
354842
697362
504162
145140
741509
355755
529227
826348
135272
114732
218405
932834
933226
586145
551408
632472
807629
274288
234381
869429
25287
351857
117112
258568
196736
503915
37845
132530
742733
392181
376123
692197
304879
732321
44690
321946
235851
402993
397843
447868
923475
28237
170028
855854
334244
171971
69414
433157
998162
711246
141549
187105
529861
755591
168581
939565
677572
292727
717438
558930
683404
39472
905886
781197
793042
825060
948150
595954
474840
362359
813830
514743
228366
442711
297967
403830
764590
377481
902075
738885
190497
251084
987770
333396
620646
574367
684692
247893
742894
102063
81473
130351
487438
548521
145678
163107
34076
790512
210852
219753
91280
931992
346337
665267
882523
451013
805473
63064
626069
633898
363789
739559
58885
529054
595712
58913
233234
378104
100031
774388
463167
477917
755765
75800
606383
710389
808506
964256
139742
177795
614895
606631
38551
261757
706556
842864
3649
618364
61845
992075
235867
572879
421348
441565
723626
56806
693955
497682
370335
269569
807161
838990
611112
775880
115295
878280
271879
67867
377761
679296
556748
837231
845826
53690
473959
843402
65009
878059
278908
735303
713877
660963
350349
880428
689956
766587
122590
582662
657485
863326
322351
924147
713112
927023
83890
190320
151438
839977
826426
784105
608271
366953
506034
209789
51928
397404
940108
552140
877953
169443
951854
855213
320258
66219
372218
917631
155639
356969
774884
740533
355968
735623
588722
244422
435250
622360
453015
880264
566552
407245
294912
807725
775339
436826
966893
20767
43914
463082
654806
771881
381230
857698
553235
114297
859831
870650
1483
598259
703488
745742
988005
188454
765396
689177
341165
716331
147675
448775
143301
954171
263284
516519
187676
123599
736797
71505
206280
669293
290939
230065
539810
839758
659726
856101
219018
226404
943360
481925
642557
807496
569448
373438
961354
878307
178609
706784
843744
623622
579184
870577
815382
237274
805668
311084
4925
184443
101615
849292
720927
357778
63329
239469
440406
515990
942596
824090
693762
736077
735294
864577
866552
107916
780933
249948
646658
799606
640128
384800
547550
224796
239612
86755
671534
979086
189719
157165
533079
211442
59894
748182
573670
367758
186704
714652
330339
158212
761799
917296
947041
164932
345151
404384
69454
228452
353439
390767
492488
771939
290824
869227
18643
770811
327791
466832
377817
574582
446369
51968
993531
668458
802145
772563
987561
126268
925030
653424
724269
318188
287540
23687
266137
174616
688625
287021
874616
80391
553095
335193
997461
17470
267127
450387
291320
812987
534178
206756
870601
983396
511535
472285