71422
937848
128201
199723
400457
737788
846299
755812
694317
788519
777415
57023
211497
723269
277717
213942
245381
607876
306731
54867
619092
322127
123585
748932
977144
616490
221177
202223
936969
911301
715702
288465
956702
705329
406848
163815
16950
270841
841214
266124
533669
238183
44170
91974
710499
89024
437945
637823
476865
155064
329668
921464
117653
874676
172040
263498
372402
672800
691429
256218
681666
260396
571386
137623
192892
47120
310459
362913
685244
614924
421935
972133
505182
770222
943281
392348
998942
970009
103166
900680
408470
716994
87115
581054
174067
933640
173269
626317
895196
509282
54460
282171
839779
81936
205762
348877
689377
201648
890537
651029
226535
473724
947324
791445
250556
80487
480126
62786
848018
671249
34273
409171
638325
905183
536665
47397
616300
70219
111052
889727
458904
932403
35975
81457
468021
792419
823728
646464
12042
722236
589677
173004
227072
630812
88123
63899
234166
457169
425661
139955
934865
412600
759841
590418
625026
932580
293765
777251
497915
611073
382787
282388
689272
892312
106547
162027
262697
674307
984766
894353
526137
316608
463069
550449
489507
407776
593850
662637
633259
392862
927545
992220
150570
447516
160152
33308
589134
975360
422762
598807
964155
156666
994912
149053
515922
539220
254848
492990
310967
335216
364693
121949
954605
589505
130768
282941
810896
255647
683259
636054
371344
778539
687993
815125
733530
920301
293181
765826
297348
352440
317645
749803
110536
196458
513173
169292
477140
855512
383874
853666
970491
449873
964615
72503
366396
531
190207
77066
382074
891353
597303
15833
665640
495217
691190
732119
701801
609220
564520
421158
367264
222661
258831
584842
24320
744385
706162
126195
214027
616717
343443
168692
144747
173569
191138
657624
825070
326139
819501
641465
874242
281486
552887
206339
967455
741352
653071
50679
576046
649119
995932
675894
62083
342231
354100
728208
33752
714409
669913
806732
452173
207737
78918
963777
4055
806695
646906
769798
691925
233000
643508
893920
69131
566138
68291
860407
784907
113834
955387
818000
239862
76314
852294
128931
603517
441748
222720
310585
790719
677471
927365
502632
103089
929355
905259
815149
201517
991915
197245
925125
365083
835363
274920
331717
192441
678513
739058
896412
638768
998624
293513
835227
503224
184592
873978
578260
151942
298937
281495
871137
803628
363809
403445
153901
298255
657833
535596
314598
897558
869825
351970
322121
524218
865054
63940
210073
305308
981853
649979
501107
568136
794919
68921
483102
231802
982947
480394
94036
393262
764739
339045
534280
659198
772357
174202
752061
321127
143391
305754
556052
210663
882757
51015
216429
546872
835671
142914
365011
847624
789013
352198
666802
103156
117640
395458
953672
558685
311858
815890
900138
446844
235984
145338
898649
451521
934078
893669
867218
780902
933192
86986
435283
705139
40619
259874
956227
907522
226953
11752
47082
17425
580022
120811
465128
314763
53286
427802
27974
459585
745543
583914
625761
753037
886579
784150
629310
708182
263151
50586
616961
297856
499310
558335
406272
976548
668102
455906
788668
830092
711415
518521
298273
746894
179714
435453
175018
828839
62102
792018
173746
404300
119823
5578
214476
366267
101673
209883
582291
596177
112160
195797
253883
908076
419661
349377
329005
453050
360858
785196
870350
266616
20291
630785
343848
175754
360168
890233
91997
804029
743336
409866
616305
40038
352628
857654
80861
65113
846122
294195
266769
95049
311388
487907
94562
955017
115225
54128
840630
889764
217869
832939
152912
68330
536970
989190
529963
170017
787473
854580
197801
729514
526983
861161
503951
561298
81035
59611
197830
93585
153766
318021
919157
259611
651721
949979
591670
968428
558709
943452
999534
561171
617661
14527
315517
195162
139983
372916
876988
865049
26558
910189
966089
471439
180812
33759
261014
649273
58606
803179
681410
85779
981730
637968
16676
519268
815740
886887
242821
228024
874274
619035
479928
695286
709997
477236
451980
983112
206837
324590
563495
153985
265659
120348
591242
601470
678046
62842
25103
551558
80968
656607
42245
661913
463777
208263
35947
39348
332193
319890
201511
487723
452281
112421
278629
464655
149497
283362
968466
655420
34069
370397
707250
913348
860182
200069
591269
258937
785819
168853
967411
887797
551959
605679
408318
304670
365091
13590
122716
264045
572361
108930
151062
11255
581268
80347
645751
205852
218882
660563
553275
303065
471859
850923
887560
415912
701100
841132
896132
667741
291015
266511
337589
321799
677296
197462
864423
687171
9627
983571
946144
390401
678963
881198
289727
116113
508193
604705
721065
183559
881323
957311
584615
839340
438641
397564
662257
519770
407237
484180
786394
449999
676861
551203
568598
270511
424124
287690
110348
757768
766653
768698
726827
621943
892723
790981
333582
268485
758401
369548
470132
622752
407048
858410
196327
620760
819936
284193
441540
414574
598182
961001
462676
47716
387554
995866
654375
543999
144298
726584
121117
844234
587211
793871
370479
515080
178409
219982
37645
76882
949378
497951
474431
819932
223880
301440
446996
151133
972684
851169
138615
224721
206540
264247
417643
40207
187043
894270
740044
529867
315894
903660
884581
530639
343844
807196
217974
477777
995909
483464
514340
788508
251479
461833
756737
429821
710441
21671
738307
674428
420388
720903
80063
137472
312153
447345
40581
53715
650372
793640
99651
957405
301048
18480
779202
13136
213287
272096
388509
734883
10309
268818
387354
803549
114677
233150
798677
839579
904002
465671
400926
958771
19949
990295
643873
831480
316729
883742
746343
259724
302033
362952
372835
900946
742879
243628
20110
900751
494386
864059
880433
860179
267452
121896
899476
157637
332089
708714
151088
796321
420751
852694
113249
770766
21556
187527
675480
542514
634757
143569
525391
92712
12890
893216
673399
755536
147955
941399
825039
411827
852801
122284
447255
683069
447143
55817
884901
582649
172641
350605
53144
78328
81916
657743
588426
81776
29418
466962
10583
993620
13499
260042
844702
217288
650094
81263
271599
561030
671187
829712
174744
982779
832636
172456
816700
181282
204132
422913
938634
119903
175085
323972
385093
796220
671228
567083
640492
850168
377317
203364
243514
174864
924858
622132
649656
598362
562128
931760
268298
639145
523924
368114
955014
646090
614166
811278
926919
164555
614887
705636
451782
63426
481443
995580
698595
862832
917454
161605
303964
668979
685025
403234
210212
693828
89569
607563
729524
773564
66943
116843
153957
243391
965273
488417
564009
408742
855658
987501
636375
632605
113013
609586
219056
669574
149640
788811
372163
905989
39748
39232
700708
375904
208151
823578
590027
279913
897366
642865
733948
793185
68467
552101
324249
504303
798495
287833
749397
775241
877481
301449
742246
144749
84010
791690
347338
328510
488859
615556
38040
839875
772601
120746
403896
488634
471799
314225
344112
663068
437921
304597
317617