433885
328784
616527
703751
916310
336763
74128
466835
978828
424700
205901
606686
781554
671561
770598
470199
785375
538927
944829
451701
373401
803661
107951
741843
869600
773103
868860
948880
80872
701160
252764
27921
578288
120517
712912
737911
796592
343488
964850
180908
389519
137837
837056
566465
22734
949274
719911
959459
889006
364971
430329
353838
431790
379510
416248
641923
337786
160558
725320
93004
564698
297354
523119
824775
670146
409188
683088
392846
532915
446739
744264
166051
941737
655684
36405
35238
473905
476621
239346
699548
149029
307413
395876
276485
352998
870165
90832
87561
376765
415814
447012
370438
156158
779535
63992
532548
757686
727375
181545
95219
79840
350155
840132
578302
992339
13728
135698
753904
144271
510132
955876
253977
148600
319503
283883
316349
958176
460114
500555
76537
498823
378212
612920
402646
107613
71995
34507
982346
23280
762682
658138
526502
616841
686357
824163
600653
136207
652926
915885
615450
834583
674095
326093
408208
123266
116841
423767
508683
18376
736997
472216
893817
742071
115740
839449
201700
666691
812252
981447
907202
167826
683315
567064
860435
626594
813840
899875
890288
932843
412273
442012
585176
554568
499187
925469
448756
70699
482690
294178
13473
126284
491817
600860
123103
516031
304614
707187
78664
661785
847059
186144
600989
403957
523735
860423
444531
401802
51371
998940
144682
322912
559396
122993
810668
327807
454729
491004
144193
287782
193491
760281
244383
540019
191148
223663
895834
850372
926397
616
583649
740159
393384
518061
703255
871011
992325
575498
102134
183110
761533
488444
473878
810832
261077
64251
845710
180344
980697
311492
493970
122349
19950
655435
479414
648425
138867
715596
857669
724364
136155
345898
475837
688197
511719
474311
972860
673999
357082
453225
190378
852280
653807
505450
241955
201371
14589
733384
583557
156339
390143
788683
43006
535726
161642
349617
935380
309785
336725
6325
118979
88161
526129
700101
760536
449044
428480
644237
741109
805734
689021
998860
159660
718490
890578
53410
701965
157814
141409
80450
567088
630578
259846
842935
7699
397308
469844
772216
522037
350546
518436
434013
276842
864041
542324
935066
953742
809104
779814
271485
854668
474148
801899
146179
856831
273522
405133
541688
135062
970997
610199
97853
706971
687626
626475
104756
388420
247239
657222
929392
959700
748280
599405
410788
829042
964582
540269
980898
386391
20371
97108
327307
235147
855725
597739
470243
18998
213959
20066
994293
768883
180777
278660
579884
986850
830648
914164
954045
142982
563451
343153
409925
537083
950427
922682
93189
878549
973965
403815
528468
350177
882142
85730
949562
967325
785337
539107
743930
903432
598833
838320
37760
187726
397209
544220
933372
278337
513407
734629
139317
990245
338448
300660
33091
865278
176116
201228
146726
564710
387501
871723
272291
941466
390612
45306
952343
140340
754862
223788
991162
163063
686514
384456
243396
555554
176247
594596
186207
221904
336728
884188
97208
285909
569885
737673
341401
849250
662196
509003
748609
364084
758556
972891
690672
573677
267794
952869
591693
445531
999291
879081
904400
76827
961687
406457
499498
988143
938891
17597
274776
822373
799211
981632
60317
262527
876076
436051
389
148214
192377
305809
231612
428926
233878
433224
459845
910949
746303
740723
625228
641856
497377
850402
414848
202495
666916
700725
159372
695375
533772
892681
896143
848349
97959
1555
840857
497418
310045
943932
84420
787179