745645
141311
311341
732180
36995
229809
682374
599813
105915
623061
986895
252038
981810
522182
962493
419212
94638
852248
507736
256721
958565
119404
125362
401374
72212
735990
172453
374065
888478
579123
296653
608757
965194
616052
516827
563447
268084
612280
557283
10451
567095
244110
997685
978845
724269
897277
138637
633475
346579
815257
407663
760831
627557
620731
57965
291776
336239
246069
463831
170214
327535
551119
750927
769172
385511
711835
296157
394029
102896
654925
503603
702419
751721
57736
993796
854849
643503
34594
113400
107616
315279
567814
956332
227367
39167
995550
216256
830416
417498
684050
180983
499469
324617
358643
542513
126413
449573
566017
216859
325696