307543
823387
717055
867293
223326
398874
155231
450077
697581
913062
30203
932533
403510
44705
811631
779546
782251
297196
554788
582499
52288
899080
768813
141303
162642
365464
670860
62790
150981
666096
222532
521634
421570
189060
459421
492038
677777
147323
121414
156242
528948
298511
762890
853080
747336
284850
60954
554424
617789
558728
514441
282694
119990
475238
99825
744847
118204
942639
102392
162896
868649
334907
16813
988667
168625
312052
567969
62904
197447
661107
443389
358185
91017
782995
967482
973698
387239
340437
134210
89513
503932
461558
238697
772538
980426
500791
85238
495393
647154
278257
902244
439290
876072
547004
108484
322377
106134
386886
985309
429056