167313
247890
956276
68091
256395
46712
673838
79612
803815
634765
44349
234757
235529
898994
858460
727752
467878
547437
789252
784448
320953
827202
250820
864340
410069
229860
289927
751456
48592
745654
421396
947662
260701
588481
461942
776434
491900
78220
765588
626917
509843
654365
192976
497015
216568
562395
327761
523670
163271
742229
715269
128663
19005
116910
102623
349224
829904
76772
14814
949494
945488
27461
20958
541001
858804
646430
928197
358482
218259
733113
309653
183208
587977
738903
665100
875948
560709
563343
602516
822910
455640
647035
660297
420012
247816
562118
26474
878321
450376
73738
767562
43687
174889
793057
499432
263271
600692
256748
409395
551984
862875
346835
451129
654138
402153
225055
672652
849893
797347
16545
547759
714130
620196
663017
741440
365642
581013
442936
536786
827446
323166
542764
721608
943924
573222
24952
497651
67541
56669
654728
702396
730021
235510
842132
412271
454565
856928
167251
953552
820959
788877
472531
732158
977574
739623
760880
780701
463266
102945
101775
139487
336853
977767
357871
386177
773294
2297
410852
768602
108097
881541
96089
634217
859058
208272
749295
145785
739216
792944
947078
520920
421968
639608
423252
355891
352315
228367
38473
753409
125310
504178
441337
976431
894053
331444
801553
865591
346668
877531
45021
728565
62382
985577
554403
794152
264526
285241
129743
971982
619767
321916
604261
712081
582390
205540
449143
859305
585024
159659
621516
463552
767152
314697
874404
582792
701582
80750
932952
487115
631471
339273
410152
801955
140705
334677
249487
257998
347994
618054
33572
313702
297120
739800
56904
643962
992058
682440
447098
244001
399602
935500
731411
540543
433050
90503
842070
885823
552314
325411
549393
79143
329593
62258
568640
663758
435269
696442
143176
258010
893932
909771
370735
626909
690102
495946
738718
277903
109565
445699
911633
279392
845527
844174
498793
380879
254488
225258
15962
565952
504471
660180
310445
749470
184828
973505
635770
728
184630
344908
424093
274156
830921
851802
966089
179263
510530
931710
818218
973138
235229
42526
310531
473086
36986
72582
504659
989038
990153
561981
257057
603280
859861
265170
469260
233242
877498
803210
76127
982674
762672
552213
298959
247031
214945
812454
996703
180852
637167
996556
511725
420020
347509
808116
438344
18099
919678
173679
831483
306294
324187
229457
322201
211593
760020
407355
165723
935841
825047
767861
981412
886004
641949
409276
493393
260055
76134
128242
518876
357203
470457
182081
419506
587996
637697
271746
479117
926840
945915
649701
860741
403595
274158
787747
224307
303414
599943
491176
455805
693851
718100
767286
281379
771506
53765
804706
783048
655138
551187
801865
329631
291752
725544
401248
943564
705418
4556
559714
825909
584083
690938
172440
151243
733034
878009
593677
272931
288673
994746
930117
264526
820746
590155
908787
211696
975350
317909
374591
976270
750070
479933
123693
222678
238249
765517
783852
677978
947210
136063
188215
727841
32039
389262
257408
472431
572333
915054
991018
574201
360807
431620
280388
165830
209801
553969
902363
219178
739336
407147
673810
394265
529077
287219
237974
983101
267018
378842
770458
714041
511265
329492
52026
600061
237334
675590
256436
72299
879587
6280
632709
513905
317641
774085
375646
242011
737225
848111
438221
659712
513719
700007
297834
739130
185951
488070
631217
40019
28988
110708
113046
6517
841364
608235
500758
938383
74406
783565
448543
508144
360220
221982