586110
131321
348916
709860
934041
831117
420240
395017
160783
847084
673119
121392
988873
922508
19046
151903
551463
128268
196304
569615
867238
381340
865954
635087
721681
900349
276003
499548
808945
653608
686774
155153
57060
383491
392700
96202
117957
788798
271742
374688
824539
829180
295519
684779
824656
202362
628694
335262
379461
650960
34419
199095
789605
796771
575184
273455
853663
829273
827900
695611
741107
182691
784427
366667
98701
140188
528255
457377
715123
540673
838981
708120
98614
513208
8087
830553
674276
584789
856617
969461
952208
309834
877961
407680
421221
447803
876535
527958
2946
947376
489652
458092
129905
349367
682796
210675
39232
775840
764829
537865